Rk,Player▲,Age,Team,Pos,G,GS,MP,PER,TS%,3PAr,FTr,ORB%,DRB%,TRB%,AST%,STL%,BLK%,TOV%,USG%,OWS,DWS,WS,WS/48,OBPM,DBPM,BPM,VORP,Awards,Player▲-additional
1,Precious Achiuwa,26,SAC,C,47,31,956,14.1,.534,.191,.261,10.2,20.1,15.0,8.0,2.0,2.4,8.9,15.5,0.7,0.7,1.4,.069,-1.3,-0.3,-1.6,0.1,,achiupr01
2,Steven Adams,32,HOU,C,32,11,730,15.9,.535,.000,.583,21.8,19.7,20.8,8.4,1.5,2.5,16.7,12.0,1.1,1.0,2.1,.139,-0.1,-0.4,-0.5,0.3,,adamsst01
3,Bam Adebayo,28,MIA,C,47,47,1469,17.2,.549,.324,.316,6.7,25.5,16.0,12.8,1.5,1.8,9.9,23.9,1.0,2.4,3.5,.113,0.8,0.6,1.4,1.3,,adebaba01
4,Ochai Agbaji,25,TOR,SG,42,13,650,7.5,.495,.382,.171,5.6,10.8,8.2,6.0,1.3,1.7,9.4,13.2,0.0,0.7,0.6,.047,-4.8,-0.1,-4.9,-0.5,,agbajoc01
5,Santi Aldama,25,MEM,PF,43,11,1198,16.4,.572,.420,.239,6.0,19.5,12.8,15.6,1.5,2.4,9.5,20.1,1.4,1.4,2.8,.111,1.2,0.6,1.8,1.2,,aldamsa01
6,Trey Alexander,22,NOP,SG,5,0,42,13.6,.778,.333,.000,0.0,10.6,5.2,16.5,1.1,2.3,10.0,10.0,0.1,0.0,0.1,.129,0.4,0.2,0.6,0.0,,alexatr01
7,Nickeil Alexander-Walker,27,ATL,SG,53,46,1755,15.3,.580,.517,.243,1.9,10.0,5.9,16.2,1.7,1.6,10.4,24.6,1.3,1.4,2.7,.074,0.6,-1.1,-0.5,0.7,,alexani01
8,Grayson Allen,30,PHO,SG,35,26,1059,16.1,.578,.673,.214,2.6,8.7,5.5,19.7,2.3,0.9,10.3,22.9,1.7,1.1,2.8,.129,2.0,0.1,2.1,1.1,,allengr01
9,Jarrett Allen,27,CLE,C,42,42,1148,20.4,.654,.023,.433,9.2,23.9,16.5,10.5,1.7,2.8,10.9,18.8,2.8,1.7,4.5,.187,1.2,0.7,1.8,1.1,,allenja01
10,Jose Alvarado,27,2TM,PG,42,0,921,11.3,.555,.682,.082,1.8,12.0,6.8,19.2,2.0,0.5,13.7,15.9,0.5,0.5,1.0,.053,-1.5,-0.4,-2.0,0.0,,alvarjo01
11,Kyle Anderson,32,2TM,SF,22,2,454,14.2,.584,.042,.361,4.7,13.5,9.1,19.1,2.8,3.0,14.3,14.6,0.5,0.3,0.8,.084,-1.3,0.8,-0.5,0.2,,anderky01
12,Giannis Antetokounmpo,31,MIL,PF,30,30,876,33.5,.679,.078,.612,10.9,27.6,19.3,38.6,1.5,2.5,13.9,36.3,3.7,1.1,4.8,.261,8.1,2.3,10.3,2.7,,antetgi01
13,Thanasis Antetokounmpo,33,MIL,SF,18,0,54,17.7,.554,.067,.733,14.8,10.3,12.5,5.2,5.4,5.4,13.1,18.7,0.0,0.1,0.1,.130,-2.6,2.3,-0.3,0.0,,antetth01
14,Cole Anthony,25,MIL,PG,35,0,527,10.7,.483,.312,.113,3.5,15.0,9.3,34.3,1.9,2.0,21.1,25.8,-0.9,0.5,-0.4,-0.036,-3.8,-0.8,-4.7,-0.4,,anthoco01
15,OG Anunoby,28,NYK,PF,41,41,1353,15.7,.603,.461,.291,4.7,13.7,9.1,10.2,2.6,2.1,13.1,20.3,1.5,1.9,3.4,.121,0.4,1.0,1.4,1.2,,anunoog01
16,Deni Avdija,25,POR,SF,45,45,1550,21.1,.610,.383,.571,3.6,19.3,11.3,31.2,1.1,1.6,15.5,29.0,3.7,1.4,5.1,.158,4.5,0.3,4.9,2.7,,avdijde01
17,Deandre Ayton,27,LAL,C,46,46,1299,18.3,.680,.000,.199,10.9,23.7,17.6,4.8,1.1,3.2,12.3,17.1,2.5,1.3,3.8,.141,0.0,-1.0,-1.0,0.3,,aytonde01
18,Marvin Bagley III,26,2TM,PF,39,8,755,21.0,.656,.077,.400,14.6,17.3,15.9,11.9,1.3,3.6,12.6,19.3,1.9,0.4,2.4,.149,2.0,-1.0,1.0,0.6,,baglema01
19,Ace Bailey,19,UTA,SF,47,36,1225,10.7,.529,.413,.097,6.3,9.5,7.9,9.1,1.5,1.8,10.3,19.3,-0.1,0.1,0.0,-0.001,-2.1,-2.5,-4.5,-0.8,,baileac01
20,Patrick Baldwin Jr.,23,2TM,SF,3,0,14,21.3,1.025,.750,.500,0.0,16.1,8.1,0.0,0.0,0.0,17.0,18.7,0.1,0.0,0.1,.190,3.7,-0.8,2.9,0.0,,baldwpa01
21,LaMelo Ball,24,CHO,PG,44,41,1214,18.6,.533,.552,.151,3.6,15.8,9.9,44.5,2.0,0.7,14.6,32.1,1.4,1.3,2.7,.108,3.7,-0.7,3.0,1.5,,ballla01
22,Lonzo Ball,28,CLE,PG,35,3,728,9.5,.432,.835,.119,3.8,17.2,10.5,22.5,2.9,1.1,21.9,13.5,-0.4,1.1,0.7,.043,-3.0,1.9,-1.1,0.2,,balllo01
23,Mo Bamba,27,TOR,C,2,0,6,-2.8,.000,.000,.000,18.4,18.9,18.6,0.0,0.0,16.4,0.0,14.2,0.0,0.0,0.0,-0.159,-19.0,-2.7,-21.7,0.0,,bambamo01
24,Paolo Banchero,23,ORL,PF,42,42,1442,17.6,.562,.239,.508,3.5,24.4,13.8,22.0,1.0,1.7,12.9,26.8,1.1,1.7,2.8,.094,1.2,0.1,1.4,1.2,,banchpa01
25,Desmond Bane,27,ORL,SG,52,52,1762,15.5,.582,.337,.255,4.0,9.9,6.9,19.1,1.3,1.3,11.4,23.4,2.2,1.5,3.6,.099,0.5,-0.7,-0.2,0.8,,banede01
26,Dalano Banton,26,LAC,PG,1,0,4,-3.5,.500,.000,.000,0.0,0.0,0.0,0.0,0.0,0.0,33.3,33.4,0.0,0.0,0.0,-0.403,-13.3,-7.9,-21.2,0.0,,bantoda01
27,Dominick Barlow,22,PHI,PF,42,35,1001,14.9,.622,.242,.294,10.3,13.1,11.7,7.2,1.9,2.3,10.4,13.5,1.8,1.0,2.9,.137,-0.3,0.2,0.0,0.5,,barlodo01
28,Harrison Barnes,33,SAS,PF,52,49,1458,11.0,.591,.619,.219,3.1,8.1,5.6,9.9,1.1,0.6,9.7,14.9,1.6,1.4,3.0,.098,-0.6,-0.1,-0.8,0.4,,barneha02
29,Scottie Barnes,24,TOR,PF,53,53,1826,19.5,.578,.202,.271,6.9,20.6,13.7,24.8,1.8,4.5,13.9,24.0,2.3,3.0,5.3,.140,1.7,2.1,3.9,2.7,,barnesc01
30,Brooks Barnhizer,23,OKC,SG,28,0,214,7.4,.482,.341,.136,5.3,18.0,11.9,8.1,1.1,0.9,13.0,10.8,0.0,0.4,0.4,.080,-3.9,0.9,-3.0,-0.1,,barnhbr01
31,RJ Barrett,25,TOR,SF,30,30,884,17.0,.573,.366,.331,3.6,16.6,10.0,18.7,1.3,0.9,9.6,26.0,0.9,1.0,1.9,.106,1.1,-0.7,0.4,0.5,,barrerj01
32,Charles Bassey,25,MEM,C,2,0,31,12.7,.376,.000,.375,24.3,27.4,25.8,8.4,1.5,3.0,9.7,13.8,0.0,0.0,0.1,.083,-3.0,-1.2,-4.3,0.0,,bassech01
33,Jamison Battle,24,TOR,SF,38,2,326,10.2,.632,.582,.099,4.4,14.6,9.4,6.3,0.7,0.6,12.8,14.2,0.2,0.3,0.5,.077,-2.1,-0.9,-3.0,-0.1,,battlja01
34,Nicolas Batum,37,LAC,PF,51,4,992,7.8,.593,.951,.060,2.3,13.1,7.9,5.7,1.9,1.8,15.3,10.0,0.2,0.8,1.0,.049,-2.1,0.5,-1.6,0.1,,batumni01
35,Bradley Beal,32,LAC,SG,6,6,121,5.1,.476,.396,.167,2.0,2.8,2.4,12.3,1.2,0.0,14.9,22.3,-0.2,0.0,-0.2,-0.074,-6.6,-3.9,-10.5,-0.3,,bealbr01
36,MarJon Beauchamp,25,PHI,SF,1,0,20,27.4,.571,.286,.571,5.4,16.9,11.1,28.5,7.3,0.0,0.0,18.6,0.1,0.0,0.1,.304,5.5,3.3,8.9,0.1,,beaucma01
37,Joan Beringer,19,MIN,PF,26,0,176,18.8,.668,.000,.200,17.1,16.0,16.5,5.8,0.8,5.5,11.8,16.2,0.4,0.2,0.7,.181,-0.7,0.0,-0.7,0.1,,berinjo01
38,Saddiq Bey,26,NOP,SF,48,40,1458,17.4,.575,.424,.312,5.7,15.2,10.3,11.8,1.5,0.1,4.5,20.8,3.1,0.6,3.7,.122,2.4,-1.7,0.6,1.0,,beysa01
39,Goga Bitadze,26,ORL,C,42,1,672,20.4,.711,.067,.347,14.3,20.8,17.5,10.5,2.1,6.5,11.3,12.2,2.0,1.2,3.1,.223,0.9,2.4,3.4,0.9,,bitadgo01
40,Bismack Biyombo,33,SAS,C,13,1,69,5.2,.654,.000,.333,4.7,7.6,6.2,5.3,2.1,1.3,30.4,6.0,0.0,0.1,0.1,.068,-5.3,1.5,-3.8,0.0,,biyombi01
41,Anthony Black,22,ORL,PG,52,32,1624,14.6,.565,.385,.305,2.7,11.9,7.2,19.4,2.2,2.1,13.3,22.2,0.8,1.9,2.7,.080,-0.5,0.5,0.0,0.8,,blackan01
42,Bogdan Bogdanović,33,LAC,SG,17,3,372,7.8,.502,.612,.157,1.6,12.7,7.4,16.9,1.1,0.3,14.5,18.1,-0.2,0.2,0.0,.004,-3.2,-1.1,-4.3,-0.2,,bogdabo01
43,Adem Bona,22,PHI,C,44,3,713,12.1,.626,.043,.600,11.7,14.9,13.3,1.9,1.0,7.4,18.0,10.6,0.7,0.9,1.6,.105,-3.5,0.4,-3.1,-0.2,,bonaad01
44,Devin Booker,29,PHO,SG,42,42,1426,19.6,.581,.302,.445,2.6,10.6,6.5,30.3,1.3,0.8,13.3,31.3,2.8,1.2,4.0,.135,2.7,-0.9,1.8,1.4,,bookede01
45,Chris Boucher,33,BOS,PF,9,0,94,7.8,.392,.600,.160,2.3,18.6,10.5,4.0,2.7,7.5,3.6,12.8,-0.1,0.2,0.1,.057,-5.9,2.5,-3.3,0.0,,bouchch01
46,Jamaree Bouyea,26,PHO,PG,27,0,411,15.6,.588,.345,.138,3.4,10.5,6.9,16.2,2.3,2.3,10.0,17.6,0.6,0.5,1.1,.125,0.5,1.2,1.7,0.4,,bouyeja01
47,Tony Bradley,28,IND,C,38,3,416,13.2,.604,.019,.406,14.0,13.6,13.8,7.0,0.7,1.4,12.0,14.4,0.7,0.2,0.9,.109,-2.4,-1.5,-4.0,-0.2,,bradlto01
48,Malaki Branham,22,WAS,SG,28,0,275,14.1,.604,.407,.374,4.6,12.4,8.5,11.9,1.7,1.0,12.4,18.4,0.3,0.1,0.4,.071,-0.9,-1.5,-2.4,0.0,,branhma01
49,Christian Braun,24,DEN,SG,18,18,537,10.5,.545,.310,.296,6.5,9.3,7.9,11.5,0.9,1.2,11.1,14.7,0.5,0.2,0.7,.060,-1.7,-1.6,-3.3,-0.2,,braunch01
50,Koby Brea,23,PHO,SG,2,0,8,18.6,.515,.667,.667,0.0,14.2,6.9,34.2,0.0,0.0,0.0,20.5,0.0,0.0,0.0,.202,-0.5,-2.4,-3.0,0.0,,breako01
51,Mikal Bridges,29,NYK,SF,53,53,1824,16.5,.601,.444,.098,3.4,9.8,6.6,16.8,2.0,2.4,7.4,17.4,3.8,2.1,5.9,.156,2.1,1.4,3.5,2.6,,bridgmi01
52,Miles Bridges,27,CHO,PF,53,53,1707,16.0,.565,.446,.252,3.5,17.4,10.7,16.7,0.8,1.4,8.4,22.9,2.8,1.5,4.3,.120,1.3,-0.6,0.7,1.2,,bridgmi02
53,Dillon Brooks,30,PHO,SF,47,47,1467,14.7,.552,.394,.223,2.5,10.6,6.5,9.3,1.7,0.5,8.5,28.3,0.9,1.4,2.2,.074,-0.6,-1.2,-1.8,0.1,,brookdi01
54,Johni Broome,23,PHI,C,10,0,48,-0.3,.203,.182,.273,13.6,21.1,17.3,10.9,2.0,1.9,10.9,24.4,-0.3,0.1,-0.2,-0.225,-12.2,-5.2,-17.4,-0.2,,broomjo01
55,Bruce Brown,29,DEN,SG,54,2,1342,10.5,.538,.251,.246,5.8,12.3,9.2,11.1,2.1,1.0,13.0,14.1,0.7,1.1,1.8,.063,-2.8,-0.2,-2.9,-0.3,,brownbr01
56,Jaylen Brown,29,BOS,SF,48,48,1647,22.4,.572,.262,.312,3.8,18.3,11.1,24.2,1.5,1.2,12.4,36.9,2.2,2.1,4.3,.125,3.7,-0.6,3.1,2.1,,brownja02
57,Kobe Brown,26,LAC,PF,34,0,295,11.3,.524,.583,.310,7.4,13.4,10.5,12.9,1.5,0.6,13.6,16.7,0.1,0.2,0.3,.054,-1.2,-1.2,-2.4,0.0,,brownko01
58,Jalen Brunson,29,NYK,PG,48,48,1656,20.9,.587,.378,.283,1.5,9.0,5.2,29.3,1.0,0.3,8.8,31.1,4.6,1.2,5.8,.169,4.5,-1.3,3.2,2.2,,brunsja01
59,Carter Bryant,20,SAS,PF,41,0,362,7.5,.462,.532,.111,5.4,16.9,11.2,3.7,1.1,2.0,9.0,16.9,-0.3,0.5,0.2,.024,-4.6,-0.8,-5.4,-0.3,,bryanca01
60,Thomas Bryant,28,CLE,C,38,0,392,17.7,.652,.522,.265,8.0,21.6,14.7,8.5,1.1,3.5,9.0,17.7,0.9,0.5,1.4,.173,0.9,-0.1,0.7,0.3,,bryanth01
61,Kobe Bufkin,22,LAL,SG,4,0,45,9.1,.505,.636,.182,2.7,10.1,6.5,5.7,1.1,6.3,7.8,12.4,0.0,0.0,0.0,.046,-2.8,-1.4,-4.3,0.0,,bufkiko01
62,Jimmy Butler,36,GSW,SF,38,38,1182,23.5,.646,.184,.621,8.1,11.6,9.9,24.2,2.2,0.6,9.3,23.2,4.7,1.3,6.0,.245,4.9,0.6,5.5,2.3,,butleji01
63,Matas Buzelis,21,CHI,PF,54,54,1526,14.8,.596,.481,.256,4.1,16.1,10.1,10.4,1.1,4.5,12.8,21.8,0.7,1.3,2.1,.065,-0.7,-0.5,-1.2,0.3,,buzelma01
64,Jamal Cain,26,ORL,SF,19,0,132,8.2,.555,.500,.474,5.8,6.0,5.9,6.2,1.5,0.7,13.2,16.9,0.0,0.1,0.1,.052,-5.1,-1.5,-6.6,-0.2,,cainja01
65,Kentavious Caldwell-Pope,32,MEM,SG,50,14,1061,11.1,.538,.472,.223,2.0,10.2,6.1,17.8,1.8,0.7,13.4,17.7,0.3,0.9,1.2,.053,-2.3,-0.1,-2.4,-0.1,,caldwke01
66,Toumani Camara,25,POR,PF,54,54,1812,10.8,.575,.666,.157,5.4,11.7,8.5,10.8,1.4,1.2,14.5,16.1,1.2,1.3,2.5,.066,-1.1,-0.5,-1.6,0.2,,camarto01
67,Clint Capela,31,HOU,C,45,1,526,19.5,.539,.000,.254,20.9,22.0,21.4,6.7,2.3,5.6,10.7,14.0,0.9,1.0,1.9,.173,0.5,0.4,0.9,0.4,,capelca01
68,Dylan Cardwell,24,SAC,C,28,1,589,15.9,.611,.009,.336,16.4,24.4,20.3,7.6,1.7,7.2,15.2,10.5,1.0,0.7,1.6,.133,-2.6,1.1,-1.5,0.1,,cardwdy01
69,Branden Carlson,26,OKC,C,34,2,373,15.5,.604,.454,.131,6.4,18.7,12.8,7.2,0.8,4.7,8.0,17.3,0.5,0.7,1.2,.151,-0.4,0.3,-0.1,0.2,,carlsbr01
70,Bub Carrington,20,WAS,PG,52,23,1461,9.2,.544,.607,.156,1.6,11.8,6.7,22.3,1.1,0.7,20.3,17.5,-0.4,0.1,-0.3,-0.011,-2.6,-2.2,-4.8,-1.0,,carrica01
71,Devin Carter,23,SAC,PG,19,0,238,12.0,.480,.429,.214,5.1,13.5,9.2,20.8,2.4,1.5,13.7,22.3,-0.2,0.1,0.0,-0.006,-3.0,-0.4,-3.4,-0.1,,cartede02
72,Jevon Carter,30,2TM,PG,24,0,258,11.9,.562,.755,.094,2.1,9.1,5.6,10.2,2.4,0.7,9.1,19.8,0.1,0.2,0.2,.045,-1.1,-0.6,-1.6,0.0,,carteje01
73,Wendell Carter Jr.,26,ORL,C,50,50,1475,14.1,.608,.402,.336,7.9,19.7,13.7,9.9,1.3,2.1,11.1,15.5,2.2,1.7,3.9,.127,-0.9,0.4,-0.5,0.6,,cartewe01
74,Alex Caruso,31,OKC,SG,35,0,652,13.9,.554,.608,.169,3.3,12.0,7.8,14.8,3.6,2.0,11.7,15.3,0.5,1.4,1.9,.140,-0.6,3.4,2.7,0.8,,carusal01
75,Stephon Castle,21,SAS,PG,42,41,1294,16.5,.565,.303,.480,4.3,13.5,9.0,33.1,2.1,1.0,18.7,25.5,1.0,1.9,2.9,.107,0.0,0.9,0.9,0.9,,castlst01
76,Julian Champagnie,24,SAS,SF,52,38,1470,12.9,.606,.769,.225,3.6,19.0,11.4,6.7,1.3,1.3,9.3,15.4,1.7,2.1,3.8,.123,0.3,0.6,0.9,1.1,,champju02
77,Justin Champagnie,24,WAS,SF,49,14,941,16.7,.586,.360,.256,11.5,20.0,15.7,8.0,1.9,2.7,8.8,15.6,1.6,0.7,2.2,.112,0.1,-0.9,-0.8,0.3,,champju01
78,Cam Christie,20,LAC,SG,37,0,374,9.7,.518,.393,.393,3.9,13.9,9.1,8.4,1.2,0.8,11.3,16.8,0.0,0.2,0.2,.028,-2.9,-1.4,-4.4,-0.2,,chrisca02
79,Max Christie,22,DAL,SG,48,39,1423,12.7,.630,.605,.202,0.8,11.0,6.0,10.5,0.9,0.9,9.5,16.5,1.7,1.2,2.9,.097,0.1,-0.1,0.1,0.7,,chrisma02
80,Moussa Cisse,23,DAL,C,30,1,359,15.0,.593,.000,.812,16.5,22.6,19.6,2.6,1.3,7.9,19.0,13.5,0.3,0.7,0.9,.124,-4.2,1.3,-2.8,-0.1,,cissemo01
81,Sidy Cissoko,21,POR,SF,49,23,1084,7.6,.535,.620,.278,4.9,7.7,6.3,9.2,1.6,1.3,15.2,13.0,0.3,0.7,1.0,.043,-3.7,-0.1,-3.9,-0.5,,cissosi01
82,Jaylen Clark,24,MIN,SG,52,0,703,9.6,.516,.419,.353,7.4,7.9,7.7,5.4,2.5,1.0,8.1,12.5,0.4,0.8,1.2,.085,-3.6,0.8,-2.8,-0.1,,clarkja02
83,Brandon Clarke,29,MEM,PF,2,2,20,12.3,.372,.000,.444,21.5,10.6,16.0,7.0,4.7,0.0,0.0,22.3,0.0,0.0,0.0,.058,-4.7,0.1,-4.6,0.0,,clarkbr01
84,Jordan Clarkson,33,NYK,SG,49,1,938,10.6,.537,.464,.173,4.7,5.7,5.2,10.2,1.1,0.8,10.8,21.4,0.3,0.6,1.0,.049,-2.2,-1.8,-4.0,-0.5,,clarkjo01
85,Nic Claxton,26,BRK,C,50,49,1464,18.7,.608,.032,.422,9.7,19.8,14.5,22.1,1.2,3.9,12.0,17.4,3.1,1.3,4.4,.145,0.9,1.0,1.9,1.4,,claxtni01
86,Walter Clayton,22,2TM,PG,47,0,861,10.5,.536,.549,.233,1.9,10.2,6.0,24.1,1.5,1.4,17.0,17.5,0.2,0.1,0.3,.018,-2.1,-1.5,-3.6,-0.3,,claytwa01
87,Nique Clifford,23,SAC,SG,51,9,1069,7.9,.502,.431,.174,4.0,12.4,8.1,10.2,1.5,1.4,15.2,15.7,-0.7,0.3,-0.4,-0.018,-4.0,-1.1,-5.2,-0.9,,cliffni01
88,Donovan Clingan,21,POR,C,50,50,1374,19.8,.601,.363,.283,18.1,26.9,22.4,10.5,0.8,4.5,10.2,15.6,3.4,1.8,5.2,.181,2.3,-0.3,2.0,1.4,,clingdo01
89,Noah Clowney,21,BRK,PF,47,41,1335,11.2,.551,.637,.363,3.8,14.1,8.7,9.7,1.3,2.5,12.9,20.7,0.0,0.9,0.9,.032,-2.3,-1.1,-3.4,-0.5,,clownno01
90,Amir Coffey,28,MIL,SG,30,2,265,8.4,.584,.455,.273,2.6,8.4,5.5,5.5,0.6,1.1,6.1,11.0,0.2,0.1,0.3,.055,-3.2,-2.0,-5.2,-0.2,,coffeam01
91,Isaiah Collier,21,UTA,PG,46,10,1163,14.2,.575,.206,.401,1.8,9.8,5.7,39.9,1.8,1.2,21.4,18.5,1.2,0.1,1.3,.053,-0.8,-2.0,-2.8,-0.2,,colliis01
92,John Collins,28,LAC,PF,49,40,1359,16.3,.665,.348,.225,6.2,14.7,10.6,5.3,1.5,2.8,11.5,18.8,2.2,1.2,3.4,.120,0.4,-0.4,0.0,0.7,,collijo01
93,Zach Collins,28,CHI,C,10,0,184,18.0,.666,.328,.313,9.5,23.1,16.4,11.9,0.5,1.9,12.1,18.9,0.4,0.1,0.5,.138,1.0,-0.9,0.1,0.1,,colliza01
94,Mike Conley,38,MIN,PG,44,9,812,9.0,.502,.753,.264,2.1,8.4,5.3,18.8,1.5,1.2,12.2,11.4,0.7,0.8,1.5,.087,-2.5,0.8,-1.7,0.1,,conlemi01
95,Pat Connaughton,33,CHO,SG,22,0,155,15.5,.621,.600,.289,4.5,17.0,10.9,12.8,1.6,0.6,5.6,14.6,0.4,0.2,0.5,.156,1.9,1.1,3.0,0.2,,connapa01
96,Javonte Cooke,26,POR,SG,14,0,77,4.4,.361,.548,.065,2.8,14.3,8.4,12.4,3.7,0.0,18.0,20.4,-0.3,0.1,-0.2,-0.096,-7.8,0.6,-7.2,-0.1,,cookeja01
97,Sharife Cooper,24,WAS,PG,11,0,147,10.4,.640,.326,.163,2.9,13.0,7.9,17.7,0.6,0.6,24.6,17.3,0.0,0.0,0.0,-0.002,-3.3,-2.8,-6.1,-0.2,,coopesh01
98,Bilal Coulibaly,21,WAS,SG,32,32,860,11.0,.506,.412,.396,3.5,14.5,9.0,12.7,2.5,3.0,14.1,17.2,-0.2,0.6,0.3,.018,-3.7,0.1,-3.6,-0.3,,coulibi01
99,Cedric Coward,22,MEM,SG,48,35,1263,14.7,.580,.420,.243,5.5,19.7,12.6,16.3,1.0,1.4,13.2,20.8,1.1,1.2,2.3,.087,0.1,-0.3,-0.2,0.6,,cowarce01
100,Isaiah Crawford,24,HOU,SF,5,0,28,14.8,.583,.667,.000,0.0,7.9,3.9,9.3,3.6,6.6,0.0,8.9,0.0,0.0,0.1,.160,0.8,3.9,4.7,0.0,,crawfis01
101,LJ Cryer,24,GSW,PG,3,0,8,14.1,.600,.800,.000,0.0,13.9,6.9,0.0,0.0,0.0,0.0,26.4,0.0,0.0,0.0,.061,-0.3,-2.1,-2.4,0.0,,cryerlj01
102,Cade Cunningham,24,DET,PG,46,46,1610,21.8,.564,.295,.369,3.1,14.5,8.9,43.1,2.0,2.4,14.2,30.8,3.3,2.6,6.0,.177,4.5,1.2,5.7,3.1,,cunnica01
103,Seth Curry,35,GSW,SG,2,0,32,18.7,.778,.444,.000,3.4,10.5,6.9,14.2,3.0,0.0,0.0,11.9,0.1,0.0,0.2,.226,1.5,3.8,5.3,0.1,,curryse01
104,Stephen Curry,37,GSW,PG,39,39,1222,22.7,.636,.602,.274,1.4,11.1,6.2,27.4,1.7,1.2,11.7,32.7,2.8,1.3,4.1,.160,6.3,-0.9,5.4,2.3,,curryst01
105,Tristan Da Silva,24,ORL,SF,47,14,1049,10.7,.542,.517,.106,3.2,13.0,8.0,7.7,1.9,1.0,9.4,16.6,0.1,1.1,1.2,.055,-1.6,-0.1,-1.7,0.1,,dasiltr01
106,Pacome Dadiet,20,NYK,SG,20,0,68,10.6,.416,.615,.462,3.2,19.7,11.3,15.8,2.2,0.0,0.0,9.7,0.1,0.1,0.2,.120,-1.9,2.7,0.8,0.0,,dadiepa01
107,Dyson Daniels,22,ATL,SG,52,52,1755,14.0,.515,.138,.162,7.1,13.9,10.5,24.6,2.6,1.1,15.0,16.1,1.2,1.9,3.2,.087,-1.5,1.1,-0.4,0.7,,daniedy01
108,N'Faly Dante,24,ATL,C,4,0,15,12.4,.338,.000,.250,21.4,29.3,25.3,0.0,6.3,0.0,18.4,15.2,0.0,0.0,0.0,.038,-3.9,-1.1,-5.0,0.0,,nfalyda01
109,Anthony Davis,32,DAL,PF,20,20,626,21.7,.551,.111,.243,10.7,26.1,18.6,14.9,1.7,4.4,10.0,27.5,0.4,1.1,1.5,.117,1.5,1.1,2.6,0.7,,davisan02
110,JD Davison,23,HOU,PG,24,0,178,9.6,.482,.529,.176,1.2,11.7,6.5,19.1,1.4,2.1,11.3,14.5,0.1,0.2,0.3,.077,-2.9,0.8,-2.0,0.0,,davisjd01
111,RayJ Dennis,24,3TM,PG,15,0,177,6.7,.416,.534,.123,4.7,9.4,7.0,23.6,1.1,1.9,16.3,22.0,-0.4,0.1,-0.3,-0.072,-4.0,-1.0,-5.1,-0.1,,dennira01
112,DeMar DeRozan,36,SAC,PF,55,55,1784,17.6,.595,.160,.415,1.6,9.5,5.5,18.2,1.8,0.7,6.8,22.1,3.8,0.4,4.2,.114,0.7,-0.6,0.0,0.9,,derozde01
113,Moussa Diabaté,24,CHO,C,50,24,1258,17.5,.657,.008,.538,16.9,21.7,19.4,8.6,1.3,3.5,12.8,12.0,3.2,1.6,4.8,.182,0.3,0.5,0.8,0.9,,diabamo01
114,Mohamed Diawara,20,NYK,SF,43,6,279,11.2,.566,.582,.066,3.9,14.4,9.0,10.2,1.8,1.8,13.0,16.3,0.1,0.3,0.5,.078,-1.5,0.6,-1.0,0.1,,diawamo01
115,Gradey Dick,22,TOR,SG,54,1,869,10.7,.551,.519,.240,4.2,11.1,7.6,5.8,2.0,0.6,8.4,17.0,0.4,1.0,1.4,.077,-2.9,-0.2,-3.1,-0.2,,dickgr01
116,Hunter Dickinson,25,NOP,C,1,0,5,-11.0,.500,.000,.000,0.0,0.0,0.0,0.0,0.0,19.3,50.0,33.4,-0.1,0.0,-0.1,-0.524,-26.9,0.8,-26.0,0.0,,dickihu01
117,Ousmane Dieng,22,2TM,C,28,0,300,10.1,.528,.543,.064,3.0,12.2,7.8,12.2,0.5,2.3,7.6,15.1,0.2,0.4,0.6,.094,-1.6,0.0,-1.5,0.0,,diengou01
118,Rob Dillingham,21,2TM,PG,37,0,370,6.6,.411,.234,.139,2.4,12.6,7.5,22.8,2.8,0.7,19.3,23.6,-1.0,0.5,-0.5,-0.068,-7.5,-0.4,-7.9,-0.6,,dilliro01
119,Donte DiVincenzo,29,MIN,SG,55,55,1716,13.5,.576,.758,.139,3.6,12.1,7.9,17.7,2.1,1.3,11.8,17.2,2.1,2.1,4.2,.118,0.5,0.8,1.3,1.4,,divindo01
120,Luka Dončić,26,LAL,PG,42,42,1492,27.5,.614,.468,.494,2.6,22.6,12.9,41.9,2.0,1.2,13.7,37.9,4.4,1.6,6.0,.193,7.4,0.7,8.1,3.8,,doncilu01
121,Luguentz Dort,26,OKC,SF,43,43,1194,8.6,.539,.720,.109,3.6,11.4,7.7,5.7,1.5,1.7,9.0,13.7,0.2,2.0,2.2,.088,-2.4,0.7,-1.6,0.1,,dortlu01
122,Ayo Dosunmu,26,2TM,SG,47,10,1242,17.1,.637,.400,.208,2.9,9.0,6.0,20.1,1.4,0.9,10.2,21.0,2.6,0.6,3.1,.122,1.6,-0.9,0.7,0.9,,dosunay01
123,Andre Drummond,32,PHI,C,39,19,780,17.3,.565,.237,.288,18.7,29.7,24.1,6.1,1.3,4.1,13.6,15.2,1.2,1.2,2.4,.146,0.0,-0.7,-0.7,0.3,,drumman01
124,Kris Dunn,31,LAC,PG,52,46,1419,11.1,.584,.463,.199,3.4,8.9,6.3,17.0,2.6,0.5,17.3,13.3,1.1,1.1,2.2,.075,-2.4,0.8,-1.6,0.2,,dunnkr01
125,Ryan Dunn,23,PHO,SF,46,11,895,11.3,.520,.452,.111,8.2,15.2,11.6,10.8,2.3,2.0,14.0,14.5,0.3,1.2,1.5,.083,-2.2,1.1,-1.2,0.2,,dunnry01
126,Kevin Durant,37,HOU,SF,48,48,1761,20.5,.630,.317,.345,1.4,14.4,7.9,19.2,1.1,2.2,13.0,26.9,4.5,1.9,6.4,.175,3.9,0.1,4.0,2.6,,duranke01
127,Jalen Duren,22,DET,C,44,44,1218,24.1,.667,.000,.483,15.0,26.6,20.9,9.8,1.6,2.8,12.5,22.6,3.6,2.4,6.0,.238,3.1,0.4,3.5,1.7,,durenja01
128,Egor Dёmin,19,BRK,PG,45,38,1118,11.8,.573,.719,.136,2.1,12.9,7.2,20.5,1.6,1.1,16.1,19.6,0.2,0.7,0.9,.039,-0.5,-0.8,-1.3,0.2,,demineg01
129,Tari Eason,24,HOU,PF,29,15,724,16.7,.583,.463,.109,8.8,19.0,13.9,8.2,2.7,2.2,12.7,20.4,0.8,1.2,2.0,.134,1.0,0.6,1.7,0.7,,easonta01
130,Zach Edey,23,MEM,C,11,11,284,20.7,.669,.051,.327,16.3,29.5,22.9,6.6,1.2,6.9,18.8,20.1,0.4,0.5,0.9,.150,-0.6,1.3,0.8,0.2,,edeyza01
131,VJ Edgecombe,20,PHI,SG,49,49,1736,12.9,.531,.438,.181,5.0,12.1,8.5,16.9,2.1,1.3,11.6,19.0,1.0,1.7,2.7,.076,-1.0,0.1,-0.9,0.5,,edgecvj01
132,Anthony Edwards,24,MIN,SG,45,45,1599,22.6,.619,.409,.361,2.1,14.0,8.1,17.4,1.8,2.0,10.2,31.5,3.5,2.0,5.4,.163,5.1,-0.1,5.0,2.8,,edwaran01
133,Justin Edwards,22,PHI,SF,40,5,570,9.6,.546,.652,.140,3.2,8.5,5.8,10.3,2.3,1.3,12.1,14.7,0.2,0.5,0.7,.062,-2.9,0.2,-2.6,-0.1,,edwarju01
134,Keon Ellis,26,2TM,SG,46,5,813,9.3,.534,.700,.143,2.2,6.7,4.4,4.9,3.1,2.7,9.2,13.7,-0.1,0.6,0.5,.028,-3.0,1.1,-1.9,0.0,,elliske01
135,Joel Embiid,31,PHI,C,31,31,972,24.9,.606,.217,.476,7.3,19.4,13.2,22.0,1.0,3.2,11.9,33.7,2.4,1.0,3.4,.167,5.0,-0.3,4.7,1.6,,embiijo01
136,Tristan Enaruna,24,CLE,SF,2,0,10,33.4,.667,.000,.000,53.9,0.0,27.2,28.4,0.0,0.0,0.0,12.4,0.1,0.0,0.1,.416,14.0,-2.7,11.3,0.0,,enarutr01
137,Noa Essengue,19,CHI,PF,2,0,6,-12.1,.000,.667,.000,0.0,0.0,0.0,0.0,7.9,0.0,0.0,21.0,-0.1,0.0,-0.1,-0.421,-20.6,-3.2,-23.9,0.0,,essenno01
138,Tyson Etienne,26,BRK,PG,8,0,34,-1.2,.400,.867,.000,0.0,0.0,0.0,4.4,0.0,0.0,6.3,20.5,-0.1,0.0,-0.1,-0.133,-8.9,-5.7,-14.6,-0.1,,etienty01
139,Drew Eubanks,28,SAC,C,32,11,430,12.3,.613,.044,.377,6.9,15.3,11.0,3.0,1.3,4.0,15.8,15.7,0.1,0.2,0.3,.037,-3.4,-0.8,-4.2,-0.2,,eubandr01
140,Tosan Evbuomwan,24,NYK,SF,5,0,8,-0.3,.000,.000,.000,13.5,13.9,13.7,0.0,0.0,0.0,0.0,5.3,0.0,0.0,0.0,-0.029,-8.5,-3.2,-11.6,0.0,,evbuoto01
141,Jeremiah Fears,19,NOP,PG,55,44,1404,12.6,.517,.277,.227,3.0,12.3,7.6,17.3,2.4,1.2,14.8,24.6,-1.0,0.9,-0.1,-0.005,-2.4,-1.2,-3.6,-0.6,,fearsje01
142,Kyle Filipowski,22,UTA,C,53,18,1179,14.2,.574,.338,.321,8.8,24.3,16.4,12.9,1.6,1.8,13.8,18.2,1.0,0.6,1.6,.065,-1.4,-1.1,-2.4,-0.1,,filipky01
143,Dorian Finney-Smith,32,HOU,PF,19,0,296,4.4,.409,.785,.077,6.3,10.8,8.5,5.4,1.2,0.9,13.0,10.9,-0.1,0.3,0.1,.023,-5.6,-0.6,-6.1,-0.3,,finnedo01
144,Cooper Flagg,19,DAL,SF,48,48,1634,17.4,.562,.222,.281,3.6,16.4,10.2,19.0,1.6,2.0,10.8,24.9,1.2,2.1,3.3,.096,0.6,0.8,1.5,1.4,,flaggco01
145,Rasheer Fleming,21,PHO,PF,29,0,189,8.8,.432,.547,.147,10.9,10.8,10.8,3.7,1.6,3.0,8.1,19.4,-0.2,0.2,0.1,.014,-4.9,-1.8,-6.7,-0.2,,flemira01
146,Trentyn Flowers,20,CHI,SF,2,0,6,16.8,.667,.333,.000,18.1,0.0,9.0,30.2,0.0,0.0,25.0,28.1,0.0,0.0,0.0,.024,1.9,-2.9,-1.0,0.0,,flowetr01
147,Simone Fontecchio,30,MIA,SF,52,4,905,13.0,.554,.692,.223,4.8,14.7,9.7,12.1,1.4,0.9,9.2,19.8,0.7,1.1,1.8,.095,0.0,0.0,0.0,0.4,,fontesi01
148,De'Aaron Fox,28,SAS,PG,43,43,1392,17.6,.581,.382,.249,2.0,11.0,6.6,29.4,1.8,0.8,12.9,25.1,2.0,1.8,3.8,.129,1.6,0.4,2.1,1.4,,foxde01
149,Enrique Freeman,25,MIN,PF,1,0,4,6.2,,,,0.0,54.2,27.5,0.0,0.0,0.0,,0.0,0.0,0.0,0.0,.090,-2.2,0.6,-1.7,0.0,,freemen01
150,Johnny Furphy,21,IND,SG,35,21,643,9.3,.547,.477,.235,5.2,20.9,12.8,8.9,1.5,0.9,15.0,12.7,0.0,0.6,0.6,.044,-4.0,0.2,-3.7,-0.3,,furphjo01
151,Daniel Gafford,27,DAL,C,36,26,769,17.0,.672,.000,.519,10.9,21.2,16.2,6.1,1.7,5.1,16.5,14.5,1.2,1.3,2.5,.159,-1.7,1.9,0.2,0.4,,gaffoda01
152,Myron Gardner,24,MIA,SF,25,3,231,16.8,.595,.519,.234,9.7,20.5,15.0,13.9,2.6,1.6,6.6,15.9,0.5,0.4,0.9,.191,-0.4,2.4,2.0,0.2,,gardnmy01
153,Darius Garland,26,CLE,PG,26,26,792,15.5,.567,.435,.210,1.6,7.1,4.3,32.9,1.3,0.4,15.1,25.4,0.9,0.5,1.4,.085,0.9,-2.4,-1.5,0.1,,garlada01
154,Luka Garza,27,BOS,C,44,4,743,20.4,.693,.336,.364,15.9,11.9,13.9,8.7,1.3,2.9,9.0,16.1,2.9,0.8,3.7,.237,2.6,0.2,2.8,0.9,,garzalu01
155,Keyonte George,22,UTA,PG,48,48,1629,18.5,.612,.409,.436,1.5,11.1,6.3,29.5,1.5,0.8,14.5,27.6,3.0,0.1,3.0,.089,2.9,-2.3,0.6,1.1,,georgke01
156,Kyshawn George,22,WAS,SF,42,42,1272,13.8,.561,.455,.213,3.2,15.9,9.5,23.7,1.7,2.6,17.2,22.4,0.2,0.6,0.8,.030,-0.8,-0.5,-1.2,0.2,,georgky01
157,Paul George,35,PHI,PF,27,27,824,15.6,.556,.489,.215,1.8,17.1,9.3,18.1,2.4,1.5,10.2,22.2,0.7,1.0,1.8,.102,0.5,0.4,1.0,0.6,,georgpa01
158,Josh Giddey,23,CHI,PG,34,31,1090,19.3,.575,.343,.379,4.1,24.4,14.4,40.0,1.3,0.9,18.0,25.8,1.5,1.0,2.4,.106,2.7,0.2,2.9,1.3,,giddejo01
159,Keshon Gilbert,22,WAS,,2,0,42,2.6,.420,.667,1.333,2.5,7.6,5.0,8.3,0.0,8.4,45.7,8.7,-0.1,0.0,-0.1,-0.090,-6.6,-1.7,-8.3,-0.1,,gilbeke01
160,Shai Gilgeous-Alexander,27,OKC,PG,49,49,1632,31.6,.670,.231,.469,1.9,12.2,7.3,34.0,1.9,2.3,8.1,33.6,8.5,2.9,11.4,.336,9.1,2.7,11.8,5.7,,gilgesh01
161,Anthony Gill,33,WAS,PF,27,0,206,11.8,.642,.279,.279,7.1,15.0,11.0,4.6,2.3,2.1,17.2,11.8,0.2,0.1,0.3,.066,-3.5,-0.8,-4.2,-0.1,,gillan01
162,Collin Gillespie,26,PHO,PG,52,33,1474,16.8,.599,.669,.116,3.7,12.5,8.0,23.8,2.5,0.8,12.7,19.4,2.7,1.8,4.5,.147,2.8,0.9,3.8,2.2,,gilleco01
163,Rudy Gobert,33,MIN,C,53,53,1661,17.5,.672,.006,.628,13.3,25.8,19.6,7.1,1.1,4.6,14.0,12.6,3.4,2.7,6.1,.177,-0.1,0.8,0.8,1.2,,goberru01
164,Vladislav Goldin,24,MIA,C,2,0,8,24.0,1.000,.000,.000,0.0,12.9,6.4,38.4,0.0,11.2,0.0,10.1,0.0,0.0,0.1,.368,-0.3,11.6,11.3,0.0,,goldivl01
165,Hugo González,19,BOS,SF,48,2,736,9.3,.540,.469,.130,6.3,17.7,12.0,4.9,2.0,1.6,14.1,11.7,0.2,1.0,1.2,.078,-3.7,1.1,-2.6,-0.1,,gonzahu01
166,Jordan Goodwin,27,PHO,PG,50,3,1102,14.5,.512,.528,.101,9.4,14.7,12.0,14.4,3.3,0.9,10.9,18.3,0.8,1.7,2.5,.108,0.2,1.5,1.7,1.0,,goodwjo01
167,Aaron Gordon,30,DEN,PF,23,20,642,20.5,.632,.385,.399,5.6,18.9,12.6,13.6,1.2,0.6,7.0,23.6,1.8,0.5,2.3,.168,3.9,-1.1,2.7,0.7,,gordoaa01
168,Eric Gordon,37,PHI,SG,6,0,74,14.5,.754,.667,.095,1.5,1.5,1.5,5.9,2.6,1.2,12.1,14.3,0.1,0.1,0.2,.118,2.2,0.2,2.3,0.1,,gordoer01
169,Jerami Grant,31,POR,PF,38,19,1102,16.1,.600,.469,.467,3.3,10.0,6.6,13.0,1.1,1.9,11.7,25.0,1.9,0.7,2.6,.112,1.5,-1.3,0.2,0.6,,grantje01
170,A.J. Green,26,MIL,SG,47,47,1412,9.7,.646,.898,.092,0.9,9.0,5.0,9.0,0.9,0.3,9.6,13.4,1.4,0.5,1.9,.065,-1.3,-1.5,-2.8,-0.3,,greenaj01
171,Draymond Green,35,GSW,PF,45,45,1199,9.9,.539,.626,.164,2.9,20.5,11.6,26.0,1.6,2.2,26.2,16.9,-0.6,1.6,1.0,.041,-2.9,1.3,-1.6,0.1,,greendr01
172,Jalen Green,23,PHO,SG,6,2,86,19.0,.572,.558,.250,2.5,15.8,9.0,23.2,1.7,0.0,12.2,32.3,0.1,0.1,0.2,.105,3.5,-0.3,3.2,0.1,,greenja05
173,Javonte Green,32,DET,SG,52,4,962,13.4,.596,.566,.305,4.6,11.6,8.1,5.0,3.5,1.7,9.9,14.7,1.0,1.8,2.8,.142,-1.2,2.4,1.3,0.8,,greenja02
174,Jeff Green,39,HOU,PF,18,0,82,14.2,.632,.719,.031,1.3,12.1,6.7,5.3,0.6,1.1,3.0,17.0,0.2,0.1,0.3,.153,2.1,-1.5,0.6,0.1,,greenje02
175,Josh Green,25,CHO,SG,30,0,481,10.6,.642,.725,.157,6.8,7.3,7.1,8.6,1.8,0.6,14.8,11.2,0.6,0.4,1.0,.101,-1.0,0.6,-0.4,0.2,,greenjo02
176,Quentin Grimes,25,PHI,SG,48,7,1434,12.8,.592,.568,.332,2.4,11.7,6.9,17.0,1.5,1.2,14.9,17.9,1.4,1.2,2.6,.087,-0.6,-0.3,-0.9,0.4,,grimequ01
177,Mouhamed Gueye,23,ATL,PF,52,5,853,11.6,.517,.422,.227,8.3,16.3,12.2,7.8,2.4,2.9,9.8,13.4,0.4,1.1,1.4,.080,-3.1,0.6,-2.5,-0.1,,gueyemo02
178,Rui Hachimura,27,LAL,PF,42,29,1252,11.5,.625,.448,.128,2.5,11.0,6.9,4.2,0.8,1.0,7.3,15.2,1.4,0.5,1.9,.072,-0.6,-1.9,-2.5,-0.2,,hachiru01
179,PJ Hall,23,2TM,C,15,2,154,17.7,.653,.114,.455,17.2,20.6,18.9,6.7,0.3,5.3,17.2,17.4,0.3,0.2,0.5,.141,-0.1,-0.4,-0.5,0.1,,hallpj01
180,Yang Hansen,20,POR,C,32,1,247,2.0,.389,.451,.220,6.5,16.9,11.6,11.3,0.4,2.9,24.4,19.5,-0.8,0.2,-0.6,-0.111,-9.5,-0.6,-10.1,-0.5,,yangha01
181,Tim Hardaway Jr.,33,DEN,SG,53,5,1459,14.0,.626,.699,.245,0.8,9.6,5.4,6.8,0.9,0.5,4.0,18.6,2.6,0.5,3.1,.103,1.5,-2.2,-0.7,0.5,,hardati02
182,James Harden,36,2TM,PG,46,46,1627,22.0,.600,.505,.480,2.2,13.4,8.0,37.3,1.8,1.1,14.7,31.0,3.9,1.3,5.2,.153,4.8,-1.0,3.8,2.4,,hardeja01
183,Jaden Hardy,23,DAL,SG,34,4,428,10.8,.551,.639,.206,2.8,8.6,5.8,9.8,1.0,0.4,11.3,23.4,-0.1,0.3,0.2,.023,-2.0,-1.7,-3.7,-0.2,,hardyja02
184,Elijah Harkless,25,UTA,SG,7,0,66,7.5,.568,.636,.818,3.3,6.7,5.0,9.4,2.9,0.0,16.7,11.2,0.0,0.0,0.0,.034,-4.7,1.6,-3.1,0.0,,harklej01
185,Dylan Harper,19,SAS,SG,41,0,877,14.5,.520,.266,.207,3.4,13.2,8.4,24.2,1.9,1.5,11.9,23.0,0.3,1.2,1.5,.084,-1.2,1.2,0.0,0.4,,harpedy01
186,Ron Harper Jr.,25,BOS,SF,9,1,90,10.9,.452,.759,.069,9.8,12.2,11.0,10.1,0.6,4.5,3.2,14.8,0.1,0.1,0.2,.093,-1.3,0.5,-0.8,0.0,,harpero02
187,Gary Harris,31,MIL,SG,37,2,547,7.5,.611,.630,.123,2.7,8.1,5.5,9.2,1.9,1.1,16.3,7.4,0.4,0.3,0.7,.061,-3.5,0.8,-2.7,-0.1,,harriga01
188,Tobias Harris,33,DET,PF,36,36,1002,14.2,.570,.372,.247,3.7,14.9,9.4,12.0,1.5,0.8,8.6,19.2,1.4,1.4,2.8,.133,0.2,0.3,0.5,0.6,,harrito02
189,Josh Hart,30,NYK,SF,41,27,1244,16.1,.609,.427,.212,5.3,22.2,13.6,22.5,1.9,1.1,16.6,16.8,2.1,1.8,3.8,.147,1.1,1.9,3.0,1.6,,hartjo01
190,Isaiah Hartenstein,27,OKC,C,29,28,754,19.6,.643,.024,.361,14.6,26.1,20.6,18.6,2.0,2.6,20.5,17.4,1.5,1.8,3.3,.211,0.8,2.4,3.3,1.0,,harteis01
191,Sam Hauser,28,BOS,PF,50,22,1205,12.0,.582,.864,.031,3.0,14.3,8.7,7.8,1.3,1.3,6.5,14.9,1.6,1.3,2.9,.115,0.5,-0.1,0.4,0.7,,hausesa01
192,Jordan Hawkins,23,NOP,SG,36,0,498,5.4,.434,.558,.105,3.0,10.7,6.7,7.2,0.8,1.4,10.9,17.0,-0.7,0.1,-0.6,-0.059,-4.3,-3.1,-7.4,-0.7,,hawkijo01
193,Jaxson Hayes,25,LAL,C,43,5,745,16.7,.762,.007,.520,9.8,15.8,12.9,6.8,1.0,3.4,10.2,12.0,2.1,0.6,2.7,.175,-0.1,0.0,-0.1,0.4,,hayesja02
194,Nigel Hayes-Davis,31,PHO,SF,27,0,195,4.2,.356,.348,.087,6.7,12.2,9.4,4.6,2.0,1.0,14.3,12.1,-0.3,0.2,-0.1,-0.023,-6.4,-0.9,-7.3,-0.3,,hayesni01
195,Scoot Henderson,21,POR,PG,2,0,41,16.0,.567,.667,.800,0.0,18.8,9.2,55.4,2.3,0.0,25.7,26.9,0.0,0.0,0.1,.104,-3.1,-1.2,-4.3,0.0,,hendesc01
196,Taylor Hendricks,22,2TM,PF,36,6,559,10.2,.551,.536,.275,6.2,16.3,11.2,6.7,1.4,1.4,11.4,14.3,0.2,0.2,0.4,.032,-2.2,-1.9,-4.1,-0.3,,hendrta01
197,Chucky Hepburn,22,TOR,PG,2,0,13,-13.5,.000,.833,.000,0.0,8.7,4.3,17.5,3.7,0.0,14.3,22.9,-0.1,0.0,-0.1,-0.438,-20.9,-3.2,-24.1,-0.1,,hepbuch01
198,Tyler Herro,26,MIA,SG,11,10,349,18.0,.605,.370,.227,1.7,13.6,7.6,13.4,1.5,1.3,7.9,25.0,0.5,0.4,0.9,.126,2.5,0.3,2.8,0.4,,herroty01
199,Buddy Hield,33,2TM,SG,45,3,773,12.4,.560,.651,.113,3.7,11.8,7.7,12.6,2.3,1.1,12.0,19.6,0.1,0.9,1.1,.066,-1.2,0.1,-1.1,0.2,,hieldbu01
200,Aaron Holiday,29,HOU,PG,35,1,465,10.5,.570,.671,.205,1.4,5.7,3.5,9.9,1.7,0.8,10.7,17.6,0.5,0.4,0.9,.096,-1.9,-0.2,-2.1,0.0,,holidaa01
201,Jrue Holiday,35,POR,PG,25,23,700,17.2,.560,.492,.159,5.5,12.1,8.7,35.6,2.2,0.4,16.2,22.8,1.1,0.6,1.7,.115,2.6,-0.4,2.2,0.7,,holidjr01
202,Ron Holland,20,DET,SF,49,5,1016,11.5,.504,.373,.282,5.8,17.3,11.6,9.2,3.2,1.8,14.3,18.7,-0.4,2.0,1.6,.078,-3.5,1.8,-1.7,0.1,,hollaro01
203,DaRon Holmes,23,DEN,PF,15,6,176,10.3,.623,.791,.186,3.4,11.7,7.7,11.0,0.0,2.1,9.7,12.8,0.3,0.1,0.3,.084,-0.6,-1.6,-2.2,0.0,,holmeda01
204,Chet Holmgren,23,OKC,PF,47,47,1382,21.4,.654,.310,.347,7.2,24.3,16.1,8.0,0.9,6.6,10.5,22.1,3.0,3.1,6.1,.213,2.2,1.5,3.7,2.0,,holmgch01
205,Al Horford,39,GSW,C,33,5,675,14.9,.559,.650,.088,5.3,21.5,13.3,16.2,1.9,4.9,12.4,16.1,0.5,1.1,1.7,.118,0.1,1.8,1.9,0.7,,horfoal01
206,Caleb Houstan,23,ATL,SF,10,0,49,11.5,.705,.800,.200,8.7,2.2,5.5,5.4,1.0,1.8,19.7,17.3,0.0,0.0,0.1,.066,-1.0,-2.8,-3.8,0.0,,houstca01
207,Jett Howard,22,ORL,SF,33,0,342,11.5,.534,.632,.169,3.5,10.2,6.8,11.4,0.8,1.0,4.6,18.9,0.3,0.2,0.6,.079,-0.9,-1.4,-2.3,0.0,,howarje01
208,Kevin Huerter,27,2TM,SF,47,11,1064,13.3,.555,.553,.135,2.5,14.9,8.7,15.8,1.7,2.2,10.2,19.3,0.5,0.9,1.3,.060,-1.2,0.1,-1.1,0.3,,huertke01
209,Jay Huff,27,IND,C,53,30,1047,15.5,.596,.641,.157,5.1,16.2,10.5,9.6,1.2,8.5,10.1,17.2,0.9,1.4,2.3,.104,-0.8,1.9,1.1,0.8,,huffja01
210,Ariel Hukporti,23,NYK,C,37,4,331,11.3,.602,.083,.521,12.0,23.3,17.6,7.1,0.7,6.1,25.3,10.1,0.2,0.5,0.7,.108,-4.0,1.4,-2.5,0.0,,hukpoar01
211,De'Andre Hunter,28,2TM,SF,45,25,1176,11.4,.545,.491,.285,2.8,14.5,8.6,10.6,1.2,0.5,11.7,22.6,0.1,1.0,1.1,.047,-2.5,-1.5,-3.9,-0.6,,huntede01
212,Bones Hyland,25,MIN,PG,46,3,687,15.3,.603,.615,.172,2.4,9.9,6.2,24.5,1.8,1.3,12.4,19.7,1.2,0.7,2.0,.138,0.9,0.5,1.3,0.6,,hylanbo01
213,Oso Ighodaro,23,PHO,PF,53,7,1062,11.8,.610,.005,.348,7.6,17.2,12.3,11.9,2.3,2.7,22.4,12.1,0.6,1.6,2.1,.096,-3.3,2.2,-1.1,0.2,,ighodos01
214,Joe Ingles,38,MIN,SF,18,0,72,9.1,.563,.750,.250,0.0,9.0,4.6,24.5,4.6,0.0,40.3,8.7,0.0,0.1,0.1,.077,-3.6,4.0,0.4,0.0,,inglejo01
215,Brandon Ingram,28,TOR,SF,52,52,1768,16.6,.568,.290,.263,2.7,16.7,9.6,17.2,1.1,2.3,11.5,27.3,0.9,2.1,3.1,.083,1.0,-0.5,0.5,1.1,,ingrabr01
216,Harrison Ingram,23,SAS,SF,4,0,13,22.7,.875,.250,.000,25.2,0.0,12.4,0.0,0.0,0.0,0.0,13.0,0.1,0.0,0.1,.283,8.0,-1.7,6.4,0.0,,ingraha01
217,Jonathan Isaac,28,ORL,PF,44,0,439,11.9,.522,.383,.532,8.2,19.8,13.9,5.1,1.9,5.1,12.1,12.7,0.1,0.7,0.8,.087,-2.7,1.2,-1.6,0.1,,isaacjo01
218,Jaden Ivey,23,2TM,SG,36,5,642,13.1,.573,.522,.186,4.2,10.9,7.6,13.8,1.7,2.0,13.3,19.9,0.5,0.8,1.3,.097,-0.2,0.2,0.0,0.3,,iveyja01
219,Andre Jackson Jr.,24,MIL,SG,25,0,162,5.6,.372,.591,.227,5.6,8.9,7.3,18.8,1.8,1.2,14.2,15.4,-0.2,0.1,-0.1,-0.022,-6.4,-1.3,-7.7,-0.2,,jacksan01
220,GG Jackson II,21,MEM,PF,32,7,588,13.2,.577,.444,.236,3.1,17.5,10.3,9.2,1.8,3.2,11.8,19.0,0.1,0.7,0.9,.071,-1.9,0.2,-1.7,0.0,,jacksgg01
221,Isaiah Jackson,24,IND,C,38,14,638,15.4,.615,.006,.448,14.0,21.7,17.8,7.2,1.9,3.9,17.9,16.0,0.7,0.9,1.5,.114,-3.1,0.4,-2.7,-0.1,,jacksis01
222,Jaren Jackson Jr.,26,2TM,C,47,47,1432,15.5,.573,.329,.278,3.2,16.8,10.0,10.2,1.7,4.5,11.7,25.9,0.2,1.8,2.0,.067,-1.2,0.6,-0.5,0.5,,jacksja02
223,Quenton Jackson,27,IND,PG,24,9,366,14.5,.599,.382,.450,3.4,9.7,6.5,18.3,2.2,0.9,14.2,21.1,0.3,0.3,0.6,.083,-1.0,0.7,-0.3,0.2,,jacksqu01
224,Trayce Jackson-Davis,25,2TM,C,37,1,427,16.9,.600,.009,.585,14.1,17.5,15.8,11.0,1.6,4.3,11.9,15.0,0.8,0.6,1.4,.160,-0.5,0.6,0.1,0.2,,jackstr02
225,Kasparas Jakučionis,19,MIA,PG,28,8,468,10.6,.580,.636,.190,5.2,9.5,7.3,17.6,1.9,0.4,16.5,13.6,0.5,0.5,1.0,.100,-1.9,1.0,-0.9,0.1,,jakucka01
226,Bronny James,21,LAL,SG,27,1,184,9.2,.498,.490,.102,2.6,4.9,3.8,20.6,2.9,0.5,19.0,14.9,0.0,0.1,0.1,.026,-2.9,-0.5,-3.4,-0.1,,jamesbr02
227,LeBron James,41,LAL,SF,35,35,1165,20.4,.584,.282,.342,2.5,17.0,10.0,33.3,1.6,1.6,14.1,28.3,1.8,1.0,2.8,.113,3.1,-0.4,2.7,1.4,,jamesle01
228,Sion James,23,CHO,SG,54,18,1298,7.7,.542,.586,.305,2.8,13.1,8.1,10.3,1.1,1.2,14.8,10.8,0.6,1.0,1.7,.062,-3.3,0.5,-2.8,-0.3,,jamessi01
229,Jaime Jaquez Jr.,24,MIA,SF,50,1,1438,15.1,.563,.162,.265,4.7,14.5,9.6,23.9,1.3,0.8,14.4,22.0,1.0,1.7,2.7,.089,-0.5,0.4,-0.1,0.7,,jaqueja01
230,Trey Jemison,26,NYK,C,10,0,57,7.1,.605,.000,.143,13.2,15.7,14.4,4.3,0.9,3.5,40.2,9.2,0.0,0.1,0.0,.034,-6.5,-0.6,-7.1,-0.1,,jemistr01
231,Daniss Jenkins,24,DET,PG,43,7,725,14.6,.541,.386,.241,3.7,8.5,6.1,26.6,2.7,1.0,14.9,21.5,0.6,1.1,1.7,.114,-0.4,0.7,0.3,0.4,,jenkida01
232,Ty Jerome,28,MEM,SG,5,5,100,32.4,.702,.467,.400,3.2,9.5,6.4,55.4,2.8,0.9,12.4,33.3,0.6,0.1,0.7,.318,9.9,0.9,10.9,0.3,,jeromty01
233,Isaiah Joe,26,OKC,SG,45,2,946,14.2,.634,.791,.239,2.5,10.1,6.5,9.0,1.5,0.9,7.4,17.8,1.7,1.4,3.1,.159,1.1,0.2,1.2,0.8,,joeis01
234,AJ Johnson,21,2TM,SG,26,0,221,3.7,.379,.310,.138,3.8,11.1,7.4,14.1,1.5,0.0,16.3,20.8,-0.7,0.0,-0.6,-0.140,-7.6,-3.5,-11.1,-0.5,,johnsaj01
235,Cameron Johnson,29,DEN,SF,30,30,914,11.7,.617,.510,.224,2.7,10.3,6.7,10.0,1.1,0.8,9.0,15.0,1.2,0.4,1.6,.085,-0.5,-1.6,-2.1,0.0,,johnsca02
236,Jalen Johnson,24,ATL,SF,49,49,1750,21.4,.592,.273,.324,4.7,27.7,16.1,34.8,1.7,1.2,14.9,27.1,2.9,2.3,5.2,.142,3.2,1.1,4.3,2.8,,johnsja05
237,Keldon Johnson,26,SAS,SF,52,0,1239,18.8,.648,.336,.282,8.2,18.3,13.3,9.0,1.4,0.6,8.6,20.2,3.0,1.7,4.7,.182,2.1,0.2,2.3,1.4,,johnske04
238,Keshad Johnson,24,MIA,SF,21,0,159,10.3,.512,.404,.298,9.6,15.5,12.5,1.7,1.5,2.3,12.2,18.7,-0.1,0.2,0.1,.044,-4.3,-0.9,-5.2,-0.1,,johnske10
239,Tre Johnson,19,WAS,SG,39,21,980,12.5,.576,.522,.156,2.1,9.3,5.7,12.8,1.2,1.2,11.3,21.1,0.5,0.0,0.5,.026,-0.4,-2.2,-2.6,-0.2,,johnstr03
240,Nikola Jokić,30,DEN,C,38,38,1304,35.3,.703,.279,.450,10.7,28.8,20.2,53.0,2.0,2.1,14.8,30.7,8.1,1.8,9.9,.363,11.8,4.1,15.8,5.8,,jokicni01
241,Colby Jones,23,DET,SG,1,0,7,13.0,.333,.667,.000,0.0,62.5,31.7,38.1,0.0,0.0,0.0,17.7,0.0,0.0,0.0,.124,-3.2,5.6,2.4,0.0,,jonesco02
242,Curtis Jones,24,DEN,SG,6,0,31,1.4,.321,.643,.000,3.9,13.9,9.2,12.8,0.0,0.0,6.7,21.2,-0.1,0.0,-0.1,-0.142,-9.7,-5.9,-15.6,-0.1,,jonescu01
243,Derrick Jones Jr.,28,LAC,SF,20,15,489,15.0,.671,.451,.286,4.2,8.5,6.5,7.3,1.8,3.9,9.7,15.1,0.9,0.4,1.3,.126,0.6,0.3,0.9,0.4,,jonesde02
244,Dillon Jones,24,NYK,SF,3,0,14,10.9,.500,.667,.000,7.7,15.9,11.7,8.8,3.5,0.0,0.0,9.1,0.0,0.0,0.0,.148,-2.5,2.6,0.1,0.0,,jonesdi01
245,David Jones García,24,SAS,SF,11,0,68,21.1,.579,.200,.240,6.4,13.9,10.2,38.4,4.2,1.3,15.3,20.2,0.1,0.1,0.3,.201,2.5,3.6,6.1,0.1,,jonesda06
246,Herbert Jones,27,NOP,SF,32,32,916,9.4,.494,.518,.147,3.5,10.2,6.7,12.4,2.7,1.6,12.1,15.0,-0.2,0.6,0.5,.024,-3.6,0.5,-3.2,-0.3,,joneshe01
247,Isaac Jones,25,2TM,PF,4,1,18,7.3,.512,.500,.500,12.2,0.0,6.2,7.0,0.0,0.0,0.0,11.4,0.0,0.0,0.0,.070,-6.2,-2.3,-8.4,0.0,,jonesis01
248,Kam Jones,23,IND,SG,16,1,162,8.0,.459,.409,.091,3.2,7.5,5.3,17.2,1.2,0.0,8.0,13.0,0.0,0.1,0.1,.019,-3.8,-1.3,-5.2,-0.1,,joneska03
249,Spencer Jones,24,DEN,SF,46,34,1086,9.3,.635,.592,.230,5.6,9.2,7.5,4.4,1.9,1.7,10.8,9.8,1.1,0.7,1.9,.083,-2.3,-0.3,-2.6,-0.2,,jonessp01
250,Tre Jones,26,CHI,PG,38,20,1020,18.5,.648,.212,.457,2.6,9.3,6.0,30.2,2.3,0.6,12.5,17.1,2.9,0.7,3.6,.170,0.9,0.4,1.3,0.9,,jonestr01
251,Tyus Jones,29,2TM,PG,49,8,771,8.6,.449,.642,.037,1.3,6.4,3.8,20.5,2.1,0.3,7.8,9.8,0.4,0.6,1.0,.064,-2.8,0.9,-1.9,0.0,,jonesty01
252,DeAndre Jordan,37,NOP,C,2,1,23,18.3,.765,.000,.400,18.4,28.9,23.6,0.0,0.0,0.0,14.5,12.5,0.1,0.0,0.1,.146,2.0,-2.7,-0.7,0.0,,jordade01
253,Nikola Jović,22,MIA,PF,43,1,771,9.7,.480,.532,.322,3.3,16.8,10.0,16.9,1.5,2.0,15.7,21.4,-0.9,1.1,0.1,.008,-3.5,0.2,-3.3,-0.2,,jovicni01
254,Johnny Juzang,24,MIN,SG,21,0,88,12.2,.518,.632,.211,6.3,14.8,10.6,9.6,1.1,1.0,10.7,22.2,0.0,0.1,0.1,.041,-1.6,-1.7,-3.3,0.0,,juzanjo01
255,Ryan Kalkbrenner,24,CHO,C,42,26,962,17.7,.758,.010,.398,12.3,17.1,14.8,4.0,1.3,5.8,15.7,12.0,2.1,1.3,3.4,.168,0.1,1.0,1.2,0.8,,kalkbry01
256,Yuki Kawamura,24,CHI,PG,4,0,76,15.6,.509,.765,.353,4.3,18.2,11.3,35.4,3.1,0.0,16.9,13.1,0.1,0.1,0.2,.141,-1.3,0.5,-0.7,0.0,,kawamyu01
257,Miles Kelly,23,DAL,PG,12,0,102,8.7,.515,.788,.000,4.2,15.1,9.8,10.5,1.4,0.0,10.8,15.2,0.0,0.1,0.1,.043,-5.0,-0.6,-5.6,-0.1,,kellymi02
258,Luke Kennard,29,2TM,SG,48,0,994,13.3,.712,.615,.139,2.2,9.1,5.6,13.1,1.7,0.5,11.3,12.7,1.8,0.7,2.5,.121,0.0,0.0,0.0,0.5,,kennalu01
259,Walker Kessler,24,UTA,C,5,5,154,20.7,.786,.216,.541,16.1,22.2,19.1,13.9,2.1,5.7,25.9,16.6,0.3,0.1,0.5,.148,1.7,1.7,3.3,0.2,,kesslwa01
260,Corey Kispert,26,2TM,SF,34,8,691,13.1,.613,.600,.245,2.0,10.6,6.3,11.8,1.0,0.6,9.7,18.2,0.8,0.2,1.0,.071,0.1,-2.0,-1.9,0.0,,kispeco01
261,Maxi Kleber,34,LAL,PF,27,1,307,7.7,.492,.375,.375,8.7,11.1,9.9,8.1,1.6,1.8,13.9,9.2,0.2,0.2,0.4,.059,-3.8,0.0,-3.8,-0.1,,klebima01
262,Bobi Klintman,22,DET,SF,8,0,60,3.0,.364,.500,.136,9.4,21.9,15.7,8.6,1.6,0.0,17.7,19.5,-0.2,0.1,-0.1,-0.063,-8.9,-1.8,-10.7,-0.1,,klintbo01
263,Dalton Knecht,24,LAL,SF,41,1,472,9.3,.550,.593,.111,3.1,11.3,7.3,4.1,0.9,1.8,9.6,17.3,0.0,0.2,0.2,.023,-2.5,-1.9,-4.4,-0.3,,knechda01
264,Kon Knueppel,20,CHO,SF,53,52,1704,17.2,.646,.588,.210,4.3,14.7,9.7,17.1,1.0,0.6,13.0,22.1,3.7,1.3,5.0,.141,3.2,-0.6,2.6,2.0,,knuepko01
265,Tyler Kolek,24,NYK,PG,46,1,627,11.3,.516,.444,.083,2.4,13.0,7.6,29.9,1.5,0.5,18.3,18.5,0.3,0.6,0.9,.067,-1.6,0.0,-1.6,0.1,,kolekty01
266,Christian Koloko,25,3TM,C,20,4,306,8.3,.447,.083,.100,9.1,14.1,11.6,5.8,1.9,6.0,16.1,10.1,-0.1,0.4,0.3,.042,-5.7,1.4,-4.3,-0.2,,kolokch01
267,Yanic Konan Niederhäuser,22,LAC,C,32,0,283,16.0,.717,.045,.612,10.7,18.7,14.9,5.4,0.4,5.0,17.5,16.2,0.5,0.2,0.8,.135,-2.8,-0.5,-3.3,-0.1,,konanya01
268,John Konchar,29,2TM,SG,32,1,469,12.5,.598,.545,.169,5.0,17.5,11.3,12.3,3.2,2.8,15.3,8.6,0.4,0.7,1.1,.117,-1.6,3.6,2.0,0.5,,konchjo01
269,Luke Kornet,30,SAS,C,42,22,981,18.5,.689,.000,.429,14.5,16.6,15.6,11.2,1.0,4.6,7.7,10.6,3.2,1.5,4.7,.230,1.7,2.0,3.7,1.4,,kornelu01
270,Vit Krejci,25,2TM,PG,50,8,1113,11.3,.628,.774,.116,2.0,8.0,5.0,9.2,1.7,1.2,7.8,14.4,1.3,0.8,2.1,.089,-1.4,-0.3,-1.7,0.1,,krejcvi01
271,Jonathan Kuminga,23,GSW,PF,20,13,476,12.5,.543,.273,.340,6.7,20.6,13.6,15.8,0.8,1.2,17.1,23.9,-0.2,0.5,0.3,.032,-2.5,-1.1,-3.6,-0.2,,kuminjo01
272,Kyle Kuzma,30,MIL,PF,48,24,1283,13.8,.572,.293,.303,3.9,16.8,10.4,14.2,1.2,1.6,12.7,21.3,0.6,1.0,1.6,.059,-1.5,-1.0,-2.5,-0.2,,kuzmaky01
273,Skal Labissière,29,WAS,PF,3,0,38,16.4,.650,.500,.000,8.3,16.8,12.5,11.3,2.5,2.3,9.1,12.1,0.1,0.0,0.1,.126,-0.3,0.3,0.0,0.0,,labissk01
274,Jock Landale,30,2TM,C,48,26,1127,17.5,.610,.341,.231,14.4,14.9,14.6,10.7,1.1,2.2,9.8,18.4,2.3,1.0,3.3,.139,1.5,-1.0,0.5,0.7,,landajo01
275,Chaz Lanier,24,DET,SG,19,0,168,11.3,.542,.800,.091,4.7,7.8,6.3,10.1,1.4,0.0,3.4,14.6,0.3,0.2,0.4,.125,-0.5,-0.5,-1.0,0.0,,laniech01
276,Jake LaRavia,24,LAL,PF,52,31,1406,12.5,.576,.488,.292,6.2,11.4,8.9,9.6,2.5,1.7,12.5,15.0,1.2,1.3,2.5,.086,-1.2,0.3,-1.0,0.4,,laravja01
277,Pelle Larsson,24,MIA,SG,45,32,1077,13.5,.600,.378,.348,3.4,10.9,7.1,18.4,1.2,0.8,11.5,16.3,1.6,1.1,2.7,.121,-0.8,0.5,-0.3,0.5,,larsspe01
278,Zach LaVine,30,SAC,SG,39,37,1224,14.8,.614,.464,.260,0.7,9.4,4.9,11.4,1.1,0.7,10.8,23.8,1.3,0.1,1.4,.053,0.6,-2.2,-1.6,0.1,,lavinza01
279,A.J. Lawson,25,TOR,SG,13,0,109,12.1,.545,.537,.220,7.1,16.6,11.8,3.8,1.8,2.7,8.2,19.1,0.1,0.2,0.2,.093,-2.3,-0.4,-2.7,0.0,,lawsoaj01
280,Kawhi Leonard,34,LAC,SF,39,39,1280,27.6,.623,.358,.317,3.7,18.1,11.1,21.6,3.2,1.6,8.7,33.3,3.7,1.7,5.4,.202,7.1,1.0,8.0,3.3,,leonaka01
281,Malevy Leons,26,GSW,SF,5,0,21,10.9,.436,.333,.333,10.4,37.2,23.7,6.3,2.3,4.3,22.5,17.9,0.0,0.0,0.0,.013,-4.8,1.3,-3.5,0.0,,leonsma01
282,Caris LeVert,31,DET,SG,35,0,689,12.0,.539,.487,.248,1.8,8.3,5.1,19.6,2.2,3.3,15.2,17.7,0.2,1.1,1.3,.090,-1.2,1.6,0.4,0.4,,leverca01
283,E.J. Liddell,25,BRK,PF,10,0,49,13.8,.600,.647,.176,6.8,19.9,13.0,0.0,1.0,0.0,0.0,16.3,0.1,0.0,0.1,.104,0.8,-2.8,-2.0,0.0,,liddeej01
284,Dereck Lively II,21,DAL,C,7,4,115,15.0,.670,.000,.556,13.1,20.5,16.9,14.6,1.6,7.9,30.9,11.8,0.1,0.2,0.3,.140,-3.0,3.8,0.8,0.1,,livelde01
285,Isaiah Livers,27,PHO,PF,29,0,294,9.6,.559,.673,.192,6.3,15.0,10.5,8.7,2.0,2.6,17.5,9.8,0.2,0.4,0.5,.088,-2.5,1.6,-0.9,0.1,,liveris01
286,Chris Livingston,22,CLE,SF,3,0,17,15.3,.605,.429,.143,0.0,19.4,9.6,8.8,2.8,0.0,0.0,18.2,0.0,0.0,0.1,.166,-4.7,2.0,-2.7,0.0,,livinch01
287,Kevon Looney,29,NOP,C,17,6,237,13.0,.455,.191,.170,17.5,22.5,19.9,13.5,1.2,3.3,13.7,10.3,0.3,0.2,0.5,.094,-1.7,-0.8,-2.5,0.0,,looneke01
288,Brook Lopez,37,LAC,C,45,10,808,10.3,.519,.695,.125,2.4,14.7,8.7,7.7,1.4,5.5,10.9,17.7,-0.3,0.8,0.5,.030,-2.4,0.3,-2.1,0.0,,lopezbr01
289,Caleb Love,24,POR,SG,44,1,985,11.0,.501,.596,.104,2.7,9.9,6.3,18.4,1.3,0.4,11.0,22.8,0.0,0.6,0.5,.026,-1.1,-1.7,-2.8,-0.2,,loveca01
290,Kevin Love,37,UTA,PF,28,5,485,14.5,.565,.696,.234,10.7,25.9,18.2,13.6,0.9,1.6,11.2,16.7,0.7,0.2,0.9,.086,0.9,-1.3,-0.4,0.2,,loveke01
291,Kyle Lowry,39,PHI,PG,7,0,63,7.4,.510,1.000,.400,0.0,7.2,3.5,15.8,1.5,1.5,14.5,9.3,0.0,0.0,0.1,.055,-3.8,-1.2,-5.0,0.0,,lowryky01
292,Khaman Maluach,19,PHO,C,22,0,95,5.8,.512,.250,.500,6.8,16.7,11.7,4.1,0.5,8.1,29.1,15.3,-0.2,0.1,0.0,-0.017,-9.7,0.4,-9.3,-0.2,,maluakh01
293,Sandro Mamukelashvili,26,TOR,C,52,11,1180,18.2,.642,.453,.248,7.5,17.4,12.4,12.6,1.7,2.7,9.0,18.4,2.6,1.6,4.2,.171,2.1,0.6,2.8,1.4,,mamuksa01
294,Terance Mann,29,BRK,SG,45,41,1137,11.0,.562,.404,.231,5.3,10.1,7.6,20.3,1.5,0.9,14.8,13.7,1.2,0.5,1.7,.072,-2.4,-0.4,-2.8,-0.2,,mannte01
295,Tre Mann,24,CHO,PG,33,1,528,8.5,.468,.522,.086,4.4,12.1,8.4,20.3,1.4,0.7,15.0,23.9,-0.6,0.4,-0.1,-0.012,-3.6,-1.4,-5.0,-0.4,,manntr01
296,Chris Mañon,24,LAL,SG,4,0,14,7.3,.000,1.000,.000,8.7,16.2,12.6,0.0,3.5,13.5,0.0,3.1,0.0,0.0,0.0,.069,-5.7,5.1,-0.5,0.0,,manonch01
297,Lauri Markkanen,28,UTA,PF,40,40,1390,21.1,.610,.404,.333,6.1,15.9,10.9,10.0,1.3,1.5,6.5,28.0,3.2,0.2,3.4,.119,4.6,-2.2,2.3,1.5,,markkla01
298,Naji Marshall,28,DAL,SF,51,28,1503,15.8,.614,.285,.377,3.3,14.3,8.9,14.7,1.6,0.3,10.2,18.9,2.4,1.6,4.0,.127,-0.3,0.7,0.5,0.9,,marshna01
299,Alijah Martin,24,TOR,SG,12,0,93,11.2,.454,.400,.400,7.1,8.5,7.8,11.2,3.1,3.2,7.8,17.5,0.0,0.1,0.1,.072,-3.4,1.6,-1.9,0.0,,martial01
300,Caleb Martin,30,DAL,SF,45,10,634,9.5,.515,.277,.241,3.9,14.4,9.3,14.6,2.3,1.4,17.0,12.1,0.0,0.8,0.8,.062,-4.1,2.2,-1.9,0.0,,martica02
301,Cody Martin,30,IND,SF,4,0,55,3.0,.277,.500,.600,1.9,26.2,13.7,4.6,3.5,3.1,24.0,12.8,-0.2,0.1,-0.1,-0.095,-10.0,2.2,-7.8,-0.1,,martico01
302,Tyrese Martin,26,BRK,SG,37,6,696,10.9,.507,.596,.102,5.1,13.0,8.8,15.4,1.6,0.5,11.0,18.7,-0.1,0.4,0.3,.022,-1.5,-1.5,-3.0,-0.2,,martity01
303,Jahmai Mashack,23,MEM,SG,11,1,120,10.8,.543,.514,.000,2.7,8.8,5.8,11.4,5.9,0.0,20.5,15.2,-0.1,0.2,0.1,.043,-5.4,2.9,-2.4,0.0,,mashaja01
304,Garrison Mathews,29,IND,SG,15,1,196,11.4,.628,.885,.442,1.1,8.5,4.7,7.1,1.5,1.3,4.6,14.1,0.3,0.1,0.4,.107,-1.2,0.1,-1.1,0.0,,mathega01
305,Bennedict Mathurin,23,IND,SF,28,24,891,12.9,.589,.436,.408,2.6,16.1,9.1,10.8,0.9,0.4,13.2,23.1,0.4,0.6,0.9,.049,-1.1,-1.7,-2.8,-0.2,,mathube01
306,Karlo Matković,24,NOP,PF,42,2,543,15.8,.675,.359,.117,6.8,20.6,13.6,8.1,1.3,5.3,11.6,13.3,0.9,0.5,1.4,.124,-0.2,0.5,0.3,0.3,,matkoka01
307,Tyrese Maxey,25,PHI,PG,51,51,1976,22.7,.598,.411,.276,0.8,11.3,5.9,29.9,2.5,1.9,9.2,29.1,5.2,2.1,7.3,.178,5.3,0.6,5.9,3.9,,maxeyty01
308,Miles McBride,25,NYK,SG,35,14,981,13.6,.592,.671,.119,2.4,7.8,5.1,13.7,1.5,0.6,6.8,17.7,1.8,0.8,2.6,.126,1.3,-0.1,1.2,0.8,,mcbrimi01
309,Jared McCain,21,2TM,SG,39,1,648,9.4,.506,.510,.103,1.4,12.5,6.8,13.7,1.7,0.3,11.2,18.7,-0.2,0.5,0.4,.027,-2.9,-0.9,-3.9,-0.3,,mccaija01
310,Mac McClung,27,2TM,SG,4,0,47,8.5,.430,.480,.160,0.0,11.7,5.7,6.3,5.1,3.7,10.1,26.8,-0.2,0.1,-0.1,-0.080,-8.3,3.0,-5.3,0.0,,mccluma01
311,CJ McCollum,34,2TM,PG,50,37,1505,15.5,.570,.444,.192,2.3,9.6,5.9,18.1,1.2,1.1,9.2,25.2,1.3,0.3,1.6,.050,1.1,-2.3,-1.2,0.3,,mccolcj01
312,T.J. McConnell,33,IND,PG,39,0,664,20.9,.565,.118,.047,2.7,11.7,7.0,50.1,3.2,1.0,12.8,23.9,1.1,0.7,1.8,.131,2.0,1.3,3.3,0.9,,mccontj01
313,Kevin McCullar Jr.,24,NYK,SF,15,0,113,7.9,.481,.552,.172,7.6,14.8,11.2,21.4,2.2,0.0,26.1,15.8,-0.1,0.1,0.1,.029,-4.5,0.4,-4.1,-0.1,,mcculke01
314,Jaden McDaniels,25,MIN,PF,53,53,1700,14.1,.622,.312,.224,3.9,10.6,7.3,12.2,1.4,2.7,12.6,17.9,2.3,1.9,4.2,.118,-0.5,0.3,-0.2,0.8,,mcdanja02
315,Doug McDermott,34,SAC,SF,10,0,92,3.9,.517,1.000,.000,1.2,8.8,4.9,4.4,0.0,1.0,14.7,15.8,-0.1,0.0,-0.1,-0.065,-4.2,-3.5,-7.8,-0.1,,mcderdo01
316,Bryce McGowens,23,NOP,SG,31,11,615,11.7,.611,.367,.416,1.7,9.2,5.4,9.9,1.4,0.8,7.1,14.4,1.0,0.2,1.1,.087,-1.9,-1.2,-3.1,-0.2,,mcgowbr01
317,Jordan McLaughlin,29,SAS,PG,24,0,140,11.6,.532,.524,.119,3.1,9.0,6.1,16.0,3.8,0.0,15.3,15.7,0.0,0.2,0.3,.086,-2.6,2.5,-0.1,0.1,,mclaujo01
318,Liam McNeeley,20,CHO,SF,28,0,342,9.4,.566,.659,.352,3.7,15.8,9.9,9.0,0.7,0.8,10.6,14.0,0.3,0.3,0.6,.084,-2.0,-0.4,-2.3,0.0,,mcneeli01
319,De'Anthony Melton,27,GSW,PG,27,3,584,13.0,.520,.468,.245,2.8,11.5,7.1,15.3,3.6,1.7,13.4,24.9,-0.4,0.9,0.5,.040,-3.9,0.7,-3.2,-0.2,,meltode01
320,Sam Merrill,29,CLE,SG,30,21,761,14.1,.669,.810,.147,2.8,6.6,4.7,12.3,1.1,0.5,8.8,17.4,1.7,0.5,2.2,.137,1.6,-1.2,0.4,0.5,,merrisa01
321,Khris Middleton,34,WAS,SF,34,34,827,11.5,.531,.330,.230,3.8,13.4,8.6,19.2,1.5,1.0,14.7,19.6,0.1,0.2,0.3,.017,-2.6,-1.4,-4.0,-0.4,,middlkh01
322,Brandon Miller,23,CHO,SF,37,37,1122,16.3,.560,.484,.231,4.1,12.9,8.6,17.8,1.7,2.6,12.8,28.9,0.7,1.2,1.9,.081,1.0,-0.4,0.5,0.7,,millebr02
323,Emanuel Miller,25,CHI,PF,5,0,33,15.2,.540,.462,.154,3.3,6.4,4.9,17.3,2.9,0.0,0.0,17.7,0.1,0.0,0.1,.112,1.7,0.8,2.5,0.0,,milleem01
324,Jordan Miller,26,LAC,SF,31,0,618,16.0,.633,.340,.435,5.3,13.1,9.4,12.8,1.9,0.8,13.3,18.9,1.0,0.5,1.5,.116,0.7,-0.4,0.3,0.4,,millejo02
325,Leonard Miller,22,2TM,SF,20,0,98,12.3,.581,.364,.333,8.0,19.9,14.0,7.3,2.4,0.0,19.2,20.1,0.0,0.1,0.1,.054,-5.1,-0.2,-5.2,-0.1,,millele01
326,Riley Minix,25,SAS,SF,3,0,8,45.2,.750,.500,.000,13.6,13.2,13.4,32.9,6.0,0.0,0.0,31.6,0.1,0.0,0.1,.424,17.9,7.3,25.2,0.1,,minixri01
327,Josh Minott,23,BOS,PF,33,10,526,15.7,.651,.566,.191,8.4,16.2,12.3,8.3,2.3,2.3,11.9,13.8,1.1,0.8,1.8,.168,0.9,1.1,2.0,0.5,,minotjo01
328,Yves Missi,21,NOP,C,47,7,907,15.0,.551,.005,.310,16.0,15.6,15.8,8.5,0.8,6.8,13.1,12.7,1.2,0.6,1.8,.096,-1.4,-0.9,-2.3,-0.1,,missiyv01
329,Ajay Mitchell,23,OKC,SG,43,9,1129,17.2,.590,.300,.287,2.9,11.1,7.2,19.9,2.6,1.2,11.7,22.3,1.6,2.1,3.7,.158,0.4,1.6,2.0,1.1,,mitchaj01
330,Davion Mitchell,27,MIA,PG,45,45,1301,11.9,.565,.388,.151,1.3,7.5,4.4,31.5,1.8,0.4,17.2,13.5,1.5,1.3,2.9,.106,-1.8,0.7,-1.1,0.3,,mitchda01
331,Donovan Mitchell,29,CLE,SG,50,50,1691,23.3,.617,.466,.288,2.6,12.0,7.3,29.0,2.2,0.8,11.6,32.6,4.3,1.8,6.1,.172,5.7,-0.1,5.7,3.3,,mitchdo01
332,Evan Mobley,24,CLE,PF,42,40,1402,18.6,.576,.278,.338,7.5,21.3,14.3,17.4,1.3,5.4,11.9,21.9,1.9,2.0,3.9,.134,1.2,1.5,2.7,1.7,,mobleev01
333,Jonathan Mogbo,24,TOR,PF,23,0,139,9.9,.497,.000,.179,9.5,20.3,14.9,9.3,1.4,2.8,16.6,11.1,0.0,0.2,0.2,.071,-4.3,0.0,-4.3,-0.1,,mogbojo01
334,Malik Monk,27,SAC,SG,43,0,953,13.9,.569,.479,.167,1.4,9.1,5.1,17.7,1.4,1.6,11.7,23.7,0.4,0.2,0.6,.031,0.6,-1.8,-1.2,0.2,,monkma01
335,Moses Moody,23,GSW,SG,52,41,1296,13.2,.596,.676,.204,3.6,10.9,7.2,8.4,1.9,2.3,8.6,17.8,1.3,1.5,2.8,.102,0.1,0.0,0.0,0.7,,moodymo01
336,Wendell Moore Jr.,24,DET,SG,5,0,54,10.0,.635,.143,.286,2.1,10.1,6.2,6.8,1.8,3.7,11.3,6.8,0.1,0.1,0.1,.119,-2.4,2.0,-0.4,0.0,,moorewe01
337,Ja Morant,26,MEM,PG,20,20,569,16.7,.521,.264,.363,1.5,10.6,6.1,44.8,1.7,1.0,16.0,32.3,0.1,0.5,0.5,.045,0.4,-1.9,-1.5,0.1,,moranja01
338,Monte Morris,30,IND,PG,6,0,65,7.0,.414,.400,.200,1.6,10.2,5.8,19.2,0.7,1.3,8.4,15.5,-0.1,0.0,0.0,-0.020,-4.5,-1.4,-5.9,-0.1,,morrimo01
339,Trey Murphy III,25,NOP,SF,51,51,1826,18.9,.616,.525,.229,3.2,14.4,8.7,16.3,2.1,0.8,9.3,23.1,3.7,1.1,4.8,.127,3.3,-0.8,2.4,2.0,,murphtr02
340,Jamal Murray,28,DEN,PG,49,49,1747,22.7,.616,.399,.261,1.4,11.9,6.9,34.1,1.4,0.9,9.9,28.6,5.3,1.0,6.3,.173,5.9,-1.6,4.3,2.8,,murraja01
341,Keegan Murray,25,SAC,PF,19,18,683,12.0,.502,.355,.147,4.8,14.5,9.5,6.2,1.6,4.0,7.4,18.6,-0.2,0.4,0.2,.016,-2.0,-0.8,-2.8,-0.2,,murrake02
342,Kris Murray,25,POR,SF,34,11,874,9.2,.535,.446,.240,7.4,9.4,8.4,6.3,2.2,1.4,13.8,10.4,0.4,0.7,1.2,.065,-2.6,0.7,-1.9,0.0,,murrakr01
343,Collin Murray-Boyles,20,TOR,PF,43,19,953,15.1,.597,.179,.237,12.0,13.1,12.5,12.8,2.0,3.9,15.0,14.9,1.2,1.4,2.6,.131,-0.8,1.4,0.6,0.6,,murraco01
344,Svi Mykhailiuk,28,UTA,SF,44,41,1054,10.5,.614,.646,.081,3.1,8.6,5.8,10.6,1.0,0.3,10.1,13.9,1.1,-0.2,0.8,.038,-0.5,-1.9,-2.4,-0.1,,mykhasv01
345,Larry Nance Jr.,33,CLE,PF,24,2,317,8.4,.466,.522,.056,7.1,14.2,10.6,9.5,2.2,1.2,10.7,13.5,0.0,0.4,0.4,.056,-4.6,0.8,-3.8,-0.1,,nancela02
346,Pete Nance,25,MIL,PF,21,0,218,17.5,.754,.551,.000,5.2,15.3,10.3,8.3,1.6,1.3,10.4,15.6,0.5,0.2,0.7,.145,2.4,-0.5,1.9,0.2,,nancepe01
347,Andrew Nembhard,26,IND,PG,42,42,1344,15.4,.555,.381,.298,1.4,8.7,4.9,36.2,1.4,0.4,13.5,23.8,1.3,0.7,2.0,.072,0.8,-1.8,-1.1,0.3,,nembhan01
348,Ryan Nembhard,22,DAL,PG,38,17,713,10.5,.505,.355,.053,1.2,8.6,5.0,36.0,0.7,0.1,18.0,18.0,0.0,0.4,0.5,.033,-2.3,-2.0,-4.3,-0.4,,nembhry01
349,Aaron Nesmith,26,IND,SF,31,28,940,10.9,.533,.561,.233,4.4,12.3,8.2,10.7,1.1,1.5,10.0,19.8,0.0,0.6,0.6,.032,-1.7,-1.3,-3.0,-0.2,,nesmiaa01
350,Asa Newell,20,ATL,PF,38,1,437,13.8,.634,.459,.171,9.0,10.8,9.9,6.4,1.6,2.7,11.8,17.0,0.5,0.4,0.9,.095,-1.3,-0.8,-2.0,0.0,,newelas01
351,Zeke Nnaji,25,DEN,PF,39,2,500,11.7,.583,.325,.325,6.9,17.1,12.3,5.5,1.3,3.7,13.0,14.2,0.4,0.5,0.8,.080,-2.9,-0.5,-3.4,-0.2,,nnajize01
352,Jusuf Nurkić,31,UTA,C,40,35,1057,16.6,.546,.199,.321,10.8,32.4,21.5,25.8,2.3,2.0,19.8,19.6,0.5,1.0,1.5,.068,-0.4,1.4,1.0,0.8,,nurkiju01
353,Royce O'Neale,32,PHO,SF,53,48,1568,11.4,.592,.808,.063,2.6,16.0,9.2,13.5,2.0,0.9,15.1,14.6,1.1,1.9,3.0,.092,-0.4,0.9,0.5,1.0,,onealro01
354,Josh Okogie,27,HOU,SG,51,29,1012,10.1,.559,.553,.251,6.7,9.1,7.9,5.8,2.4,1.1,12.3,11.4,0.8,1.2,2.0,.095,-2.3,1.0,-1.2,0.2,,okogijo01
355,Onyeka Okongwu,25,ATL,C,49,38,1567,15.7,.592,.437,.221,6.2,20.4,13.2,14.5,1.7,2.7,12.5,20.4,1.5,1.9,3.3,.102,-0.4,0.2,-0.2,0.7,,okongon01
356,Isaac Okoro,25,CHI,SG,46,46,1196,9.9,.574,.460,.236,4.5,6.4,5.5,7.8,1.2,1.7,7.8,13.6,1.1,0.5,1.6,.063,-3.0,-1.1,-4.1,-0.6,,okorois01
357,Lachlan Olbrich,22,CHI,C,16,0,116,6.5,.397,.353,.588,10.3,22.9,16.7,12.4,0.8,0.7,15.7,9.2,0.0,0.1,0.1,.041,-5.9,-0.2,-6.1,-0.1,,olbrila01
358,Kelly Olynyk,34,SAS,C,29,0,272,12.7,.563,.521,.411,7.2,14.3,10.8,17.5,2.3,0.3,16.5,16.0,0.3,0.4,0.7,.115,-2.0,1.2,-0.8,0.1,,olynyke01
359,Kelly Oubre Jr.,30,PHI,SF,31,26,1015,13.0,.594,.457,.257,3.0,12.9,7.8,6.7,1.9,1.7,9.5,17.2,0.9,1.0,1.9,.092,-0.8,-0.1,-1.0,0.3,,oubreke01
360,Chris Paul,40,LAC,PG,16,0,228,8.2,.413,.536,.036,3.2,10.9,7.2,31.4,2.4,0.0,22.0,14.2,-0.1,0.2,0.1,.014,-4.0,-0.3,-4.3,-0.1,,paulch01
361,Gary Payton II,33,GSW,SG,49,1,639,14.9,.588,.292,.067,9.9,17.1,13.5,17.0,2.3,2.3,16.3,17.0,0.6,0.9,1.5,.114,-1.2,1.4,0.2,0.3,,paytoga02
362,Micah Peavy,24,NOP,SG,46,1,693,8.2,.441,.400,.068,5.8,8.6,7.2,9.1,2.1,0.8,5.8,14.5,-0.2,0.3,0.1,.010,-4.4,-1.0,-5.4,-0.6,,peavymi01
363,Noah Penda,21,ORL,SF,37,2,516,13.3,.538,.422,.253,11.9,18.6,15.2,11.8,2.0,2.4,15.8,16.6,0.2,0.7,0.9,.085,-1.2,0.2,-1.0,0.1,,pendano01
364,Taelon Peter,23,IND,SG,23,0,169,7.2,.443,.915,.128,3.7,11.8,7.6,15.9,2.0,1.0,16.8,14.9,-0.2,0.1,-0.1,-0.014,-3.8,-0.4,-4.1,-0.1,,peterta01
365,Drew Peterson,26,CHO,PF,6,0,64,0.6,.148,.750,.125,5.5,10.3,8.0,3.8,2.3,1.4,0.0,11.1,-0.2,0.1,-0.1,-0.086,-8.4,-1.7,-10.1,-0.1,,peterdr01
366,Julian Phillips,22,2TM,SF,36,2,338,9.4,.538,.551,.124,7.1,6.9,7.0,2.7,2.4,1.5,6.9,12.6,0.2,0.2,0.4,.055,-2.8,-0.1,-2.9,-0.1,,phillju01
367,Jalen Pickett,26,DEN,SG,38,18,680,10.5,.531,.547,.057,3.2,13.2,8.4,19.0,0.9,0.5,12.5,14.5,0.5,0.3,0.8,.057,-1.2,-1.1,-2.3,-0.1,,pickeja02
368,Scotty Pippen Jr.,25,MEM,PG,2,1,42,24.3,.761,.214,.286,2.6,5.1,3.8,36.7,5.6,2.2,16.0,18.5,0.2,0.1,0.2,.279,2.5,4.2,6.7,0.1,,pippesc02
369,Daeqwon Plowden,27,SAC,SG,6,1,127,6.6,.447,.694,.056,9.5,5.4,7.5,7.4,0.4,0.7,7.5,13.4,0.0,0.0,0.0,-0.012,-4.3,-3.4,-7.7,-0.2,,plowdda01
370,Mason Plumlee,35,CHO,C,14,2,125,13.4,.752,.000,1.000,9.3,26.4,18.1,16.5,2.4,0.0,34.2,8.9,0.2,0.2,0.3,.132,-1.6,2.5,0.8,0.1,,plumlma01
371,Brandin Podziemski,22,GSW,SG,54,19,1442,13.8,.569,.475,.251,3.0,16.1,9.5,19.3,2.0,0.6,12.5,19.0,1.3,1.8,3.1,.102,-0.7,0.5,-0.2,0.7,,podzibr01
372,Jakob Poeltl,30,TOR,C,21,21,531,16.3,.691,.000,.370,11.8,22.4,17.0,11.9,1.5,2.0,18.3,14.5,0.9,0.8,1.7,.154,-0.7,1.1,0.4,0.3,,poeltja01
373,Jordan Poole,26,NOP,PG,28,6,710,11.6,.533,.624,.287,0.9,7.0,3.9,17.5,1.3,1.2,12.2,25.5,0.0,0.1,0.1,.009,-0.9,-2.6,-3.4,-0.3,,poolejo01
374,Craig Porter Jr.,25,CLE,PG,48,2,858,14.4,.536,.343,.167,8.0,12.8,10.4,22.1,2.7,3.1,16.5,12.3,1.1,1.2,2.3,.127,0.3,2.3,2.6,1.0,,portecr01
375,Kevin Porter Jr.,25,MIL,PG,26,24,873,17.9,.566,.340,.314,2.6,14.4,8.6,33.3,3.3,1.1,17.3,24.6,0.7,1.0,1.8,.096,0.5,0.9,1.4,0.7,,porteke02
376,Michael Porter Jr.,27,BRK,SF,41,41,1353,20.7,.609,.511,.232,4.3,21.8,12.6,18.5,1.6,0.7,10.8,30.3,1.9,1.1,3.0,.105,4.8,-1.0,3.8,2.0,,portemi01
377,Bobby Portis,30,MIL,PF,49,9,1194,16.3,.579,.379,.083,6.0,24.1,15.1,10.6,1.1,0.7,8.2,22.7,1.0,1.1,2.0,.081,1.1,-1.6,-0.5,0.5,,portibo01
378,Kristaps Porziņģis,30,ATL,C,17,12,413,20.5,.592,.410,.386,5.4,17.5,11.4,16.7,1.0,4.8,6.1,26.5,0.9,0.4,1.4,.161,2.6,0.6,3.2,0.5,,porzikr01
379,Quinten Post,25,GSW,PF,54,32,923,13.0,.561,.651,.085,6.0,18.7,12.3,11.6,1.2,2.6,9.9,18.6,0.6,1.2,1.8,.092,-0.8,0.1,-0.6,0.3,,postqu01
380,Micah Potter,27,IND,C,20,2,352,13.4,.640,.677,.344,4.7,20.5,12.4,11.2,0.9,1.2,11.6,14.6,0.6,0.3,0.8,.115,-0.4,-0.3,-0.7,0.1,,pottemi01
381,Drake Powell,20,BRK,SG,41,9,783,8.5,.561,.507,.249,1.8,8.9,5.2,12.2,1.3,0.7,15.0,14.9,0.1,0.3,0.4,.025,-4.0,-1.0,-5.1,-0.6,,poweldr01
382,Dwight Powell,34,DAL,C,38,7,534,11.7,.657,.034,1.069,10.5,17.1,13.9,8.6,1.8,1.9,18.2,8.2,0.8,0.7,1.5,.139,-3.1,1.8,-1.4,0.1,,poweldw01
383,Norman Powell,32,MIA,SG,45,45,1379,18.2,.616,.451,.349,1.3,11.0,6.1,12.9,1.8,0.7,9.6,27.2,2.1,1.6,3.7,.129,2.3,0.1,2.4,1.5,,powelno01
384,Taurean Prince,31,MIL,SF,8,0,169,7.8,.623,.737,.079,0.0,8.6,4.3,6.3,1.7,1.2,11.3,11.6,0.1,0.1,0.2,.050,-3.3,-0.3,-3.7,-0.1,,princta02
385,Payton Pritchard,28,BOS,PG,52,48,1699,17.6,.575,.515,.140,3.0,10.9,7.0,23.6,1.2,0.3,7.0,21.1,4.4,1.4,5.8,.164,2.8,-0.5,2.2,1.8,,pritcpa01
386,Tyrese Proctor,21,CLE,PG,38,1,399,10.7,.525,.605,.162,1.6,9.6,5.6,17.9,1.8,0.0,11.4,21.0,0.1,0.3,0.4,.053,-2.7,-0.7,-3.4,-0.1,,proctty01
387,Olivier-Maxence Prosper,23,MEM,PF,28,1,375,13.5,.623,.444,.393,6.9,15.3,11.1,7.1,0.9,1.0,12.7,17.4,0.5,0.3,0.8,.098,-0.7,-1.7,-2.4,0.0,,prospol01
388,Derik Queen,21,NOP,C,54,42,1401,16.5,.554,.100,.337,6.7,24.0,15.2,23.8,2.0,3.4,18.0,21.7,0.6,1.5,2.0,.070,-1.0,0.9,-0.2,0.7,,queende01
389,Neemias Queta,26,BOS,C,50,49,1265,19.4,.652,.015,.344,13.2,22.9,18.1,8.4,1.8,5.2,12.8,14.7,3.0,2.2,5.2,.199,0.0,1.6,1.6,1.2,,quetane01
390,Immanuel Quickley,26,TOR,PG,51,51,1653,16.7,.579,.526,.234,1.9,13.4,7.6,27.0,1.9,0.3,10.0,21.4,2.8,1.9,4.7,.138,1.8,0.4,2.2,1.8,,quickim01
391,Julius Randle,31,MIN,PF,55,55,1849,19.9,.595,.301,.391,5.5,17.1,11.4,24.5,1.6,0.7,12.2,26.3,4.1,2.2,6.3,.164,2.4,0.1,2.5,2.1,,randlju01
392,Maxime Raynaud,22,SAC,C,47,29,1100,14.5,.596,.113,.225,8.2,24.3,16.0,6.5,1.0,1.8,10.8,16.9,1.1,0.6,1.7,.076,-1.8,-1.3,-3.2,-0.3,,raynama01
393,Duop Reath,29,POR,C,32,0,258,10.7,.613,.743,.081,4.1,11.9,8.0,5.4,0.9,2.8,8.4,13.1,0.3,0.2,0.5,.095,-0.7,-0.2,-0.9,0.1,,reathdu01
394,Austin Reaves,27,LAL,SG,27,22,910,23.0,.665,.449,.530,2.4,14.8,8.8,28.2,1.4,0.6,15.0,29.3,2.8,0.6,3.4,.180,5.0,-0.9,4.1,1.4,,reaveau01
395,Paul Reed,26,DET,C,37,6,453,21.5,.627,.156,.292,16.6,21.5,19.1,14.4,3.4,4.6,16.8,19.1,0.8,1.1,1.9,.203,1.1,2.7,3.8,0.7,,reedpa01
396,Antonio Reeves,25,CHO,SG,7,0,56,11.5,.656,.625,.000,2.1,7.9,5.0,5.1,0.9,0.0,0.0,12.0,0.1,0.0,0.1,.120,-0.1,0.3,0.2,0.0,,reevean01
397,Naz Reid,26,MIN,C,55,2,1444,16.8,.590,.552,.131,5.0,21.5,13.4,13.8,1.9,3.1,11.7,21.9,1.5,2.3,3.8,.126,1.1,1.0,2.1,1.5,,reidna01
398,Will Richard,23,GSW,SG,49,15,937,11.7,.605,.623,.182,5.6,8.7,7.1,9.9,2.9,0.5,13.3,13.9,0.9,1.1,2.0,.103,-2.0,1.2,-0.9,0.3,,richawi02
399,Nick Richards,28,2TM,C,30,2,299,12.8,.562,.023,.453,14.5,24.1,19.2,4.2,1.1,5.4,21.9,18.7,-0.1,0.5,0.4,.058,-5.3,-0.7,-6.0,-0.3,,richani01
400,Jase Richardson,20,ORL,SG,38,0,464,11.3,.573,.429,.240,4.5,8.0,6.2,14.0,1.1,0.4,11.4,17.5,0.4,0.3,0.7,.071,-1.7,-1.4,-3.1,-0.1,,richaja02
401,Will Riley,19,WAS,SF,44,2,718,11.8,.532,.405,.244,5.1,9.2,7.1,12.3,1.8,0.7,11.8,19.1,0.1,0.1,0.2,.016,-2.0,-2.0,-4.0,-0.4,,rileywi01
402,Zaccharie Risacher,20,ATL,SF,41,41,995,11.1,.545,.475,.149,3.8,11.8,7.7,7.6,1.7,2.0,9.1,18.5,-0.1,0.9,0.8,.039,-2.7,-0.9,-3.6,-0.4,,risacza01
403,Duncan Robinson,31,DET,SF,50,50,1412,11.8,.612,.781,.147,1.4,8.9,5.2,8.9,1.1,1.1,6.5,15.7,2.2,1.6,3.8,.128,0.4,-0.2,0.2,0.8,,robindu01
404,Mitchell Robinson,27,NYK,C,38,14,751,19.5,.640,.000,.543,24.8,24.8,24.8,6.5,2.0,5.5,14.3,9.5,2.1,1.4,3.4,.220,1.5,0.9,2.5,0.8,,robinmi01
405,Orlando Robinson,25,ORL,C,4,1,25,14.7,.700,.400,.000,8.8,9.0,8.9,16.4,1.9,0.0,0.0,8.4,0.1,0.0,0.1,.193,0.5,0.5,1.0,0.0,,robinor01
406,Jeremiah Robinson-Earl,25,2TM,PF,22,3,361,9.5,.468,.410,.180,10.4,20.3,15.3,5.7,1.2,0.2,10.0,14.0,0.0,0.3,0.3,.038,-3.4,-1.6,-5.1,-0.3,,robinje02
407,Ryan Rollins,23,MIL,PG,51,46,1633,15.9,.568,.421,.145,2.9,13.2,8.1,26.1,2.3,1.2,13.9,23.8,1.1,1.4,2.5,.075,0.4,-0.3,0.0,0.8,,rolliry01
408,Rayan Rupert,21,POR,SG,46,0,552,6.2,.455,.493,.100,4.2,11.7,7.9,8.1,2.4,0.3,14.6,12.5,-0.3,0.5,0.2,.014,-5.4,0.7,-4.7,-0.4,,ruperra01
409,D'Angelo Russell,29,DAL,PG,26,3,495,12.4,.511,.483,.259,1.7,11.0,6.5,30.8,1.1,0.3,15.9,26.0,-0.3,0.4,0.1,.007,-0.7,-1.4,-2.2,0.0,,russeda01
410,Domantas Sabonis,29,SAC,C,19,15,564,19.3,.590,.122,.348,12.4,31.0,21.5,21.6,1.5,0.6,16.7,23.1,0.7,0.5,1.2,.099,0.7,-0.2,0.5,0.4,,sabondo01
411,Tidjane Salaün,20,CHO,PF,31,0,497,13.4,.642,.496,.213,5.6,24.6,15.4,7.5,1.2,1.3,13.5,15.1,0.6,0.6,1.2,.114,-0.8,0.2,-0.6,0.2,,salauti01
412,Hunter Sallis,22,PHI,SG,7,0,26,2.0,.595,.000,.400,0.0,4.3,2.1,20.9,0.0,3.5,46.0,17.7,-0.1,0.0,-0.1,-0.147,-7.6,-3.1,-10.7,-0.1,,sallihu01
413,Kobe Sanders,23,LAC,SG,44,11,946,8.2,.571,.482,.182,2.7,11.0,7.0,11.2,1.3,0.6,18.3,15.7,-0.2,0.5,0.4,.018,-3.6,-0.9,-4.5,-0.6,,sandeko01
414,Gui Santos,23,GSW,PF,43,8,615,13.7,.644,.564,.221,6.0,16.3,11.1,13.7,2.0,2.1,17.5,15.7,0.6,0.8,1.4,.112,-0.8,1.2,0.4,0.4,,santogu01
415,Ben Saraf,19,BRK,SG,21,5,366,5.1,.421,.439,.252,2.1,8.3,5.1,22.9,2.3,1.0,24.7,18.8,-0.9,0.2,-0.7,-0.088,-6.5,-1.4,-7.9,-0.6,,sarafbe01
416,Dario Šarić,31,SAC,C,5,0,41,0.7,.363,.500,.333,2.7,14.0,8.2,5.9,0.0,0.0,22.5,9.2,-0.1,0.0,-0.1,-0.080,-6.8,-2.2,-9.0,-0.1,,saricda01
417,Alex Sarr,20,WAS,C,41,41,1156,20.3,.554,.207,.237,8.7,20.5,14.6,16.3,1.4,6.2,9.9,25.5,1.1,0.9,2.0,.083,1.5,-0.1,1.4,1.0,,sarral01
418,Marcus Sasser,25,DET,PG,16,0,163,18.3,.618,.647,.162,0.7,9.4,5.1,28.0,3.2,1.2,13.1,21.3,0.4,0.3,0.6,.189,1.9,2.0,3.8,0.2,,sassema01
419,Baylor Scheierman,25,BOS,SG,48,7,682,10.5,.606,.743,.100,3.6,17.7,10.6,9.1,2.0,0.6,12.6,10.6,0.8,0.9,1.7,.117,-2.0,1.7,-0.3,0.3,,scheiba01
420,Dennis Schröder,32,2TM,PG,43,14,1117,13.5,.521,.396,.301,2.2,11.0,6.5,29.0,1.6,0.5,14.0,22.7,0.3,0.3,0.6,.027,-0.5,-1.7,-2.2,-0.1,,schrode01
421,Mark Sears,23,MIL,PG,7,0,26,15.3,.666,.615,.615,4.4,4.3,4.3,12.3,0.0,0.0,19.5,34.9,0.0,0.0,0.0,.020,2.3,-4.5,-2.2,0.0,,searsma01
422,Alperen Şengün,23,HOU,C,44,44,1495,21.5,.551,.118,.366,10.3,20.2,15.2,29.0,2.1,2.7,14.5,27.1,2.6,2.4,4.9,.159,3.0,1.6,4.5,2.4,,sengual01
423,Brice Sensabaugh,22,UTA,SF,51,9,1102,13.3,.581,.542,.244,3.6,11.3,7.4,10.9,1.5,0.4,10.3,22.2,0.8,0.0,0.8,.035,-0.4,-2.7,-3.1,-0.3,,sensabr01
424,Collin Sexton,27,2TM,SG,44,12,999,17.1,.611,.345,.372,2.5,7.3,5.0,25.6,1.8,0.6,15.6,25.9,1.7,0.8,2.4,.118,1.1,-0.9,0.2,0.5,,sextoco01
425,Landry Shamet,28,NYK,SG,28,7,597,13.0,.620,.733,.230,2.7,7.3,5.0,9.0,1.2,0.8,5.4,15.8,1.2,0.4,1.7,.133,1.1,0.0,1.1,0.5,,shamela01
426,Terrence Shannon Jr.,25,MIN,SG,22,0,282,6.9,.538,.457,.333,2.4,8.5,5.5,6.4,1.2,0.3,13.9,16.1,-0.1,0.2,0.2,.028,-4.8,-0.9,-5.7,-0.3,,shannte01
427,Day'Ron Sharpe,24,BRK,C,50,3,913,20.7,.646,.121,.492,16.3,26.4,21.1,19.9,2.9,1.9,20.1,19.2,1.8,1.2,3.0,.158,0.5,1.2,1.7,0.9,,sharpda01
428,Shaedon Sharpe,22,POR,SG,48,42,1439,15.6,.550,.351,.229,3.6,12.5,8.0,15.0,2.2,0.4,13.4,30.3,-0.1,1.3,1.2,.039,-0.1,-1.1,-1.2,0.3,,sharpsh01
429,Jamal Shead,23,TOR,PG,54,7,1201,11.2,.494,.542,.229,1.7,7.9,4.7,31.8,2.1,0.7,16.3,16.1,0.6,1.3,1.9,.075,-2.0,0.1,-1.9,0.0,,sheadja01
430,Ben Sheppard,24,IND,SG,42,13,903,8.2,.517,.627,.145,2.9,12.8,7.7,11.3,1.1,0.4,8.9,13.2,0.2,0.5,0.7,.037,-3.3,-0.4,-3.7,-0.4,,sheppbe01
431,Reed Sheppard,21,HOU,SG,51,6,1256,15.0,.543,.560,.103,1.4,9.9,5.6,17.5,2.9,2.1,9.8,21.7,1.5,1.7,3.2,.123,0.4,1.4,1.8,1.2,,sheppre01
432,Max Shulga,23,BOS,SG,1,0,2,-18.6,.000,.000,.000,0.0,0.0,0.0,0.0,0.0,0.0,0.0,21.6,0.0,0.0,0.0,-0.491,-23.9,-10.6,-34.5,0.0,,shulgma01
433,Pascal Siakam,31,IND,PF,50,50,1686,18.7,.562,.263,.321,4.9,17.0,10.7,20.7,1.5,1.2,9.5,29.1,1.3,1.5,2.8,.078,2.2,-0.7,1.5,1.5,,siakapa01
434,Anfernee Simons,26,2TM,SG,52,3,1300,15.3,.582,.587,.122,2.5,8.2,5.4,15.1,1.0,0.6,8.9,23.6,2.1,0.9,3.0,.111,1.7,-1.4,0.2,0.8,,simonan01
435,KJ Simpson,23,CHO,PG,14,2,223,7.8,.437,.438,.180,2.6,11.8,7.4,22.1,3.3,0.0,20.0,22.7,-0.5,0.3,-0.2,-0.044,-5.7,0.1,-5.6,-0.2,,simpskj01
436,Jericho Sims,27,MIL,C,37,5,557,10.2,.788,.000,.269,9.6,20.6,15.2,7.1,0.7,1.4,30.6,8.6,0.6,0.4,1.0,.086,-3.7,-0.6,-4.3,-0.3,,simsje01
437,Javon Small,23,MEM,PG,20,0,297,12.2,.517,.476,.238,5.1,10.7,7.9,29.7,1.1,0.9,15.9,19.2,0.2,0.2,0.4,.063,-0.8,-1.5,-2.3,0.0,,smallja01
438,Marcus Smart,31,LAL,SG,43,36,1224,10.0,.557,.596,.294,3.0,9.2,6.2,13.1,2.1,1.2,15.9,16.0,0.3,0.9,1.2,.047,-2.6,-0.2,-2.8,-0.3,,smartma01
439,Dru Smith,28,MIA,SG,54,1,928,14.6,.535,.421,.328,5.0,10.4,7.7,20.4,4.0,1.6,13.2,15.6,0.9,1.7,2.5,.132,-1.4,3.7,2.3,1.0,,smithdr01
440,Jabari Smith Jr.,22,HOU,PF,50,50,1750,13.3,.556,.498,.219,4.9,16.8,10.8,7.4,1.1,2.6,8.7,17.9,2.1,2.1,4.3,.117,-0.6,-0.1,-0.6,0.6,,smithja05
441,Jalen Smith,25,CHI,C,43,12,868,17.5,.608,.530,.216,10.2,26.5,18.4,8.9,1.0,3.3,10.0,19.4,1.3,0.9,2.2,.123,0.8,-1.1,-0.3,0.4,,smithja04
442,Nick Smith Jr.,21,LAL,SG,24,1,301,9.4,.539,.544,.088,0.8,6.0,3.5,13.0,1.3,0.6,12.2,21.3,-0.1,0.1,0.0,.000,-2.5,-2.4,-4.9,-0.2,,smithni01
443,Tolu Smith,25,DET,PF,5,0,55,23.4,.602,.000,1.000,20.4,35.8,28.2,9.5,1.7,9.1,15.6,19.2,0.1,0.2,0.3,.250,1.8,3.4,5.3,0.1,,smithto05
444,Jeremy Sochan,22,SAS,PF,28,0,358,9.9,.538,.354,.162,7.9,13.8,10.9,10.4,1.3,1.2,14.5,14.6,0.1,0.5,0.6,.080,-3.6,0.3,-3.3,-0.1,,sochaje01
445,Cam Spencer,25,MEM,SG,50,14,1208,17.4,.665,.609,.253,2.2,9.6,5.9,32.7,1.4,0.4,14.6,17.8,3.3,0.8,4.1,.163,3.0,-0.5,2.6,1.4,,spencca01
446,Pat Spencer,29,GSW,PG,38,7,578,13.8,.538,.362,.155,5.3,11.2,8.2,29.8,2.2,0.3,16.3,19.3,0.5,0.6,1.1,.093,-0.5,0.5,0.0,0.3,,spencpa01
447,Isaiah Stevens,25,SAC,PG,2,0,23,18.9,.532,.000,2.000,4.8,5.0,4.9,30.6,6.3,0.0,0.0,7.0,0.1,0.0,0.1,.209,1.1,5.1,6.2,0.0,,steveis01
448,Isaiah Stewart,24,DET,C,48,13,1116,14.8,.622,.313,.307,7.9,16.6,12.3,6.8,0.6,7.3,12.7,16.3,1.5,1.9,3.4,.145,-1.5,1.2,-0.3,0.5,,stewais01
449,Julian Strawther,23,DEN,SG,31,3,416,12.0,.567,.445,.349,1.4,15.6,8.9,9.6,1.5,0.4,10.1,19.8,0.2,0.3,0.5,.057,-2.1,-1.4,-3.5,-0.2,,strawju01
450,Jalen Suggs,24,ORL,PG,32,32,845,17.4,.571,.522,.233,3.1,14.3,8.6,30.7,3.5,2.3,17.3,23.7,0.5,1.3,1.8,.105,1.1,2.3,3.4,1.2,,suggsja01
451,Jae'Sean Tate,30,HOU,SF,31,0,254,11.0,.554,.314,.100,9.5,10.4,9.9,8.0,1.4,1.1,9.9,13.3,0.3,0.2,0.6,.106,-2.9,-0.5,-3.4,-0.1,,tateja01
452,Jahmyl Telfort,24,LAC,PF,8,0,32,-5.4,.087,1.000,1.000,0.0,10.6,5.5,3.8,1.6,0.0,14.8,9.4,-0.1,0.0,-0.1,-0.167,-12.1,-1.8,-13.9,-0.1,,telfoja01
453,Garrett Temple,39,TOR,SG,13,0,36,2.1,.254,.714,.286,0.0,12.6,6.2,13.1,4.1,2.7,27.6,12.9,-0.1,0.1,-0.1,-0.085,-9.1,2.2,-6.9,0.0,,templga01
454,Dalen Terry,23,CHI,SG,34,0,377,11.7,.539,.451,.167,5.5,12.7,9.1,14.9,2.8,2.5,16.1,14.6,0.1,0.4,0.5,.059,-2.4,1.0,-1.4,0.1,,terryda01
455,Adou Thiero,21,LAL,SF,15,0,87,8.1,.465,.056,.444,9.8,14.3,12.1,7.3,2.8,1.1,15.7,12.7,0.0,0.1,0.1,.043,-5.9,0.0,-5.9,-0.1,,thierad01
456,Cam Thomas,24,2TM,SG,25,8,595,12.2,.524,.377,.351,1.7,7.2,4.3,21.9,0.3,0.3,11.9,30.0,-0.2,0.0,-0.2,-0.015,-1.0,-4.2,-5.2,-0.5,,thomaca02
457,Amen Thompson,23,HOU,PG,50,50,1859,17.9,.565,.125,.352,8.5,14.1,11.3,21.3,1.9,1.5,13.8,20.5,3.4,2.3,5.7,.147,1.1,0.8,1.9,1.8,,thompam01
458,Ausar Thompson,23,DET,SF,48,47,1237,16.0,.537,.050,.358,9.5,16.3,13.0,14.2,3.5,3.2,13.0,17.8,0.9,2.7,3.6,.139,-1.0,3.0,2.1,1.3,,thompau01
459,Ethan Thompson,26,IND,SG,21,5,325,7.5,.495,.674,.180,3.5,8.2,5.8,12.3,1.5,1.6,11.1,14.1,-0.1,0.2,0.1,.022,-3.9,0.1,-3.8,-0.2,,thompet01
460,Klay Thompson,35,DAL,SF,48,8,1060,11.2,.532,.728,.073,1.4,9.9,5.8,9.2,1.1,1.2,7.7,22.5,-0.4,0.9,0.5,.025,-0.2,-1.1,-1.4,0.2,,thompkl01
461,Matisse Thybulle,28,POR,SG,4,0,49,21.6,.850,.600,.400,0.0,9.0,4.4,8.4,9.7,0.0,7.8,10.5,0.2,0.1,0.3,.281,0.5,10.7,11.2,0.2,,thybuma01
462,Xavier Tillman Sr.,27,BOS,C,14,1,111,11.3,.500,.484,.000,9.9,14.8,12.4,6.0,2.7,1.8,13.9,14.0,0.0,0.2,0.2,.075,-2.1,0.8,-1.3,0.0,,tillmxa01
463,Drew Timme,25,LAL,PF,16,0,128,14.7,.623,.368,.079,7.6,11.5,9.6,15.5,1.9,0.0,11.3,15.0,0.2,0.1,0.3,.120,0.1,-0.8,-0.7,0.0,,timmedr01
464,Nae'Qwan Tomlin,25,CLE,PF,43,2,734,13.7,.557,.370,.222,8.5,11.2,9.9,7.4,2.1,3.5,6.0,15.2,1.0,0.9,1.9,.124,-1.7,0.8,-0.9,0.2,,tomlina01
465,Jacob Toppin,25,ATL,SF,5,0,17,15.1,.667,.000,.000,0.0,6.5,3.2,8.8,0.0,5.3,0.0,14.7,0.0,0.0,0.0,.113,-0.2,0.2,0.0,0.0,,toppija01
466,Obi Toppin,27,IND,PF,3,0,82,11.9,.526,.472,.250,3.8,23.0,13.1,9.5,1.7,0.0,13.1,23.7,-0.1,0.1,0.0,.008,-2.4,-0.4,-2.8,0.0,,toppiob01
467,Karl-Anthony Towns,30,NYK,C,49,49,1540,20.5,.593,.323,.437,10.4,31.4,20.7,13.4,1.4,2.0,13.0,25.8,3.0,2.5,5.5,.173,1.7,0.2,1.9,1.5,,townska01
468,Nolan Traoré,19,BRK,PG,30,7,618,8.1,.495,.439,.199,1.3,7.9,4.4,24.7,1.0,1.6,17.4,18.2,-0.4,0.2,-0.1,-0.010,-4.2,-1.7,-5.9,-0.6,,traorno01
469,Luke Travers,24,CLE,SG,12,0,103,10.2,.350,.444,.250,9.4,16.0,12.7,10.7,3.2,3.6,7.0,17.3,-0.1,0.2,0.1,.026,-4.2,1.0,-3.2,0.0,,travelu01
470,Gary Trent Jr.,27,MIL,SG,46,17,1104,8.1,.540,.735,.120,0.6,4.6,2.7,8.5,1.2,0.3,6.7,15.5,0.2,0.3,0.4,.020,-2.9,-1.8,-4.7,-0.8,,trentga02
471,Oscar Tshiebwe,26,UTA,C,2,0,25,11.2,.466,.000,.167,17.2,17.7,17.4,10.7,1.9,0.0,13.4,12.3,0.0,0.0,0.0,.038,-1.7,-1.6,-3.3,0.0,,tshieos01
472,Myles Turner,29,MIL,C,49,49,1397,14.6,.586,.578,.282,5.1,17.1,11.2,8.0,1.1,5.7,9.7,18.9,1.2,1.4,2.6,.089,-0.5,-0.1,-0.6,0.5,,turnemy01
473,Hunter Tyson,25,DEN,PF,21,2,162,6.5,.398,.635,.250,3.0,21.3,12.6,13.2,0.6,0.6,8.0,17.0,-0.2,0.1,-0.1,-0.017,-5.2,-1.8,-7.0,-0.2,,tysonhu01
474,Jaylon Tyson,23,CLE,SG,49,34,1368,15.7,.634,.431,.158,7.9,13.3,10.5,11.7,1.5,1.4,12.6,18.8,2.2,1.3,3.6,.125,1.2,-0.5,0.7,0.9,,tysonja01
475,Stanley Umude,26,SAS,SG,1,0,2,-7.3,,,,0.0,0.0,0.0,0.0,0.0,0.0,,0.0,0.0,0.0,0.0,.025,-14.3,1.1,-13.2,0.0,,umudest01
476,Jonas Valančiūnas,33,DEN,C,42,4,613,21.0,.623,.067,.345,13.1,26.8,20.3,14.2,0.7,4.2,14.2,25.6,1.2,0.7,1.9,.145,0.0,-0.7,-0.8,0.2,,valanjo01
477,Jarred Vanderbilt,26,LAL,PF,43,3,833,11.5,.554,.426,.256,9.2,20.7,15.1,9.1,2.5,1.8,18.0,12.4,0.4,1.0,1.4,.078,-2.3,0.7,-1.6,0.1,,vandeja01
478,Devin Vassell,25,SAS,SG,39,37,1211,12.4,.549,.553,.161,1.7,11.6,6.7,10.6,1.3,1.2,6.4,19.0,0.9,1.4,2.4,.093,-0.6,0.0,-0.6,0.4,,vassede01
479,Gabe Vincent,29,2TM,PG,30,7,578,5.6,.497,.787,.081,1.7,3.9,2.8,8.9,1.4,0.2,7.9,11.5,0.1,0.2,0.3,.022,-3.9,-0.9,-4.9,-0.4,,vincega01
480,Nikola Vučević,35,2TM,C,50,48,1531,18.2,.582,.330,.115,7.6,23.7,15.8,18.3,1.1,1.8,9.3,21.7,2.3,1.3,3.7,.116,1.8,-0.2,1.6,1.4,,vucevni01
481,Tristan Vukcevic,22,WAS,C,33,3,394,16.6,.575,.397,.402,5.3,16.5,10.9,14.3,1.2,4.9,14.9,27.0,0.1,0.2,0.3,.035,-0.6,-1.1,-1.7,0.0,,vukcetr01
482,Dean Wade,29,CLE,PF,43,22,980,10.4,.564,.735,.176,3.8,16.0,9.9,8.5,1.7,1.6,5.6,9.9,1.1,1.1,2.2,.109,-1.3,1.2,-0.2,0.4,,wadede01
483,Franz Wagner,24,ORL,SF,27,26,870,19.9,.595,.261,.409,5.2,15.6,10.3,18.3,1.5,0.9,8.8,26.4,1.8,0.9,2.7,.147,3.1,-0.1,3.0,1.1,,wagnefr01
484,Moritz Wagner,28,ORL,C,12,0,138,20.8,.638,.427,.293,5.6,24.5,14.9,3.7,2.1,0.0,8.6,28.3,0.2,0.2,0.4,.146,2.4,-1.2,1.2,0.1,,wagnemo01
485,Jabari Walker,23,PHI,PF,45,6,543,10.3,.505,.438,.306,10.2,18.0,14.1,5.2,1.4,1.9,9.4,14.1,0.3,0.6,0.9,.078,-3.6,-0.6,-4.2,-0.3,,walkeja01
486,Jarace Walker,22,IND,PF,53,18,1265,10.4,.529,.495,.243,2.1,18.4,10.0,12.1,1.5,1.2,14.5,20.1,-1.0,1.2,0.2,.006,-2.5,-0.5,-3.0,-0.3,,walkeja02
487,Cason Wallace,22,OKC,SG,51,41,1364,11.8,.543,.538,.108,3.6,8.6,6.2,10.7,3.9,0.9,10.8,13.8,0.6,2.8,3.4,.120,-2.2,3.3,1.1,1.1,,wallaca01
488,Keaton Wallace,26,ATL,PG,40,2,446,11.3,.547,.618,.081,0.7,10.6,5.6,23.2,2.2,1.0,13.5,15.3,0.2,0.4,0.6,.070,-2.1,0.3,-1.9,0.0,,wallake01
489,Jordan Walsh,21,BOS,PF,47,20,856,13.5,.618,.439,.235,8.6,17.3,13.0,5.9,2.2,2.5,10.8,11.7,1.4,1.3,2.7,.150,-1.4,1.3,0.0,0.4,,walshjo01
490,Ja'Kobe Walter,21,TOR,SG,44,10,808,10.2,.570,.628,.202,4.1,9.1,6.6,6.9,2.4,0.9,8.7,14.0,0.6,1.0,1.5,.091,-2.8,1.0,-1.8,0.0,,walteja01
491,Kel'el Ware,21,MIA,C,51,28,1135,19.9,.621,.340,.170,13.3,28.9,21.1,3.7,1.6,4.1,9.1,18.1,2.0,2.2,4.2,.179,1.8,0.1,1.9,1.1,,wareke01
492,P.J. Washington,27,DAL,PF,37,34,1137,12.7,.523,.332,.260,5.0,19.0,12.2,8.8,1.6,3.7,13.3,21.1,-0.8,1.7,0.8,.035,-2.3,0.9,-1.4,0.2,,washipj01
493,TyTy Washington Jr.,24,LAC,PG,4,0,34,25.2,.700,.500,.000,0.0,3.3,1.7,36.6,5.9,5.6,9.1,14.4,0.1,0.1,0.2,.264,6.8,6.0,12.8,0.1,,washity02
494,Lindy Waters III,28,SAS,SG,28,0,191,6.0,.496,.870,.019,1.1,10.5,5.9,7.4,1.0,0.0,6.8,12.9,0.0,0.2,0.2,.043,-3.7,0.0,-3.7,-0.1,,waterli01
495,Trendon Watford,25,PHI,PF,31,5,505,13.5,.589,.186,.297,5.2,18.3,11.6,22.9,0.8,1.8,16.8,16.5,0.6,0.5,1.1,.102,-1.4,0.4,-1.0,0.1,,watfotr01
496,Jamir Watkins,24,WAS,SG,26,3,463,8.8,.502,.538,.298,5.4,15.9,10.6,5.6,2.2,2.7,11.3,12.0,0.0,0.3,0.3,.030,-5.2,-0.2,-5.4,-0.4,,watkija01
497,Peyton Watson,23,DEN,SF,49,39,1502,14.6,.600,.338,.331,3.6,14.0,9.1,9.0,1.6,3.6,12.4,20.3,1.1,1.3,2.4,.076,-0.5,-0.6,-1.1,0.4,,watsope01
498,Jaylen Wells,22,MEM,SG,51,51,1370,10.2,.534,.518,.263,3.8,9.9,6.9,8.8,1.4,0.3,9.2,19.1,0.3,0.9,1.2,.042,-2.6,-1.1,-3.8,-0.6,,wellsja01
499,Victor Wembanyama,22,SAS,C,38,29,1102,27.6,.619,.301,.434,7.6,32.9,20.5,15.8,1.5,8.3,12.0,31.9,2.3,2.7,5.0,.219,5.1,3.5,8.6,2.9,,wembavi01
500,Blake Wesley,22,POR,SG,11,0,173,12.6,.518,.317,.250,3.1,10.2,6.6,27.5,3.3,0.5,17.4,18.8,0.0,0.2,0.2,.064,-2.6,0.8,-1.8,0.0,,weslebl01
501,Russell Westbrook,37,SAC,SF,52,46,1521,15.1,.533,.454,.212,5.2,16.9,10.9,34.1,2.2,0.5,19.2,25.9,-0.5,0.8,0.3,.010,0.6,-1.0,-0.4,0.6,,westbru01
502,Coby White,25,CHI,SG,29,26,843,14.4,.586,.529,.392,0.9,12.7,6.9,23.7,1.1,0.2,16.0,27.4,0.3,0.4,0.7,.038,-1.0,-2.4,-3.4,-0.3,,whiteco01
503,Derrick White,31,BOS,SG,51,51,1751,16.5,.523,.577,.178,3.3,10.8,7.0,22.7,1.7,4.1,9.9,23.2,2.2,2.1,4.4,.120,2.3,0.6,2.9,2.2,,whitede01
504,Cam Whitmore,21,WAS,SF,21,0,354,13.8,.528,.331,.183,5.6,11.7,8.7,6.6,2.0,2.0,9.0,23.7,-0.1,0.1,0.1,.007,-1.1,-2.1,-3.2,-0.1,,whitmca01
505,Aaron Wiggins,27,OKC,SG,39,15,929,12.9,.569,.549,.142,2.8,12.5,7.9,10.5,1.9,2.4,12.0,19.3,0.2,1.7,1.9,.097,-0.3,0.8,0.5,0.6,,wiggiaa01
506,Andrew Wiggins,30,MIA,SF,50,50,1564,14.7,.570,.383,.179,5.8,10.6,8.2,12.5,1.8,2.8,10.8,20.3,1.2,2.0,3.2,.097,0.3,0.5,0.9,1.1,,wiggian01
507,Amari Williams,24,BOS,PF,14,2,112,9.6,.517,.000,.750,6.9,21.5,14.2,6.5,0.9,8.1,22.0,10.5,0.0,0.2,0.2,.076,-5.0,2.4,-2.5,0.0,,william01
508,Brandon Williams,26,DAL,PG,44,11,965,16.1,.557,.252,.414,2.6,11.0,6.9,24.9,2.2,0.8,14.3,25.5,0.4,1.1,1.5,.074,-0.9,0.5,-0.4,0.4,,willibr03
509,Cody Williams,21,UTA,SG,40,15,771,8.1,.526,.312,.151,4.6,8.2,6.4,5.9,1.3,2.2,9.1,12.9,0.1,0.0,0.1,.004,-3.6,-1.9,-5.5,-0.7,,willico04
510,Grant Williams,27,CHO,PF,13,0,234,11.8,.555,.697,.303,6.5,16.5,11.6,9.8,1.3,1.2,9.7,14.9,0.3,0.2,0.5,.105,-0.8,0.8,0.0,0.1,,willigr01
511,Jalen Williams,24,OKC,SG,25,25,736,17.7,.540,.176,.275,2.5,14.3,8.6,27.5,2.2,1.2,11.0,26.1,0.6,1.4,2.0,.131,0.3,1.0,1.3,0.6,,willija06
512,Jaylin Williams,23,OKC,PF,39,8,748,11.8,.527,.725,.275,3.3,23.8,14.0,16.2,1.5,3.2,15.2,15.6,0.2,1.6,1.8,.117,-1.6,2.4,0.9,0.6,,willija07
513,Kenrich Williams,31,OKC,PF,34,1,536,15.0,.607,.468,.185,6.4,15.9,11.4,13.6,1.9,0.7,12.6,17.3,0.7,1.0,1.7,.150,0.7,0.9,1.6,0.5,,willike04
514,Mark Williams,24,PHO,C,48,44,1161,22.7,.695,.003,.421,14.0,23.8,18.8,7.0,2.1,3.9,11.0,17.2,3.6,2.0,5.6,.233,2.0,0.8,2.8,1.4,,willima07
515,Patrick Williams,24,CHI,PF,50,2,944,8.7,.504,.539,.151,4.0,12.6,8.4,8.4,1.5,1.4,12.0,17.1,-0.6,0.6,0.0,.000,-3.1,-1.4,-4.5,-0.6,,willipa01
516,Robert Williams,28,POR,C,37,1,608,22.9,.782,.113,.183,13.1,30.0,21.4,10.2,1.8,7.8,15.9,12.1,1.7,1.1,2.8,.222,3.0,2.6,5.6,1.2,,williro04
517,Vince Williams Jr.,25,2TM,PG,36,12,760,10.8,.477,.604,.170,4.9,14.4,9.7,28.1,1.7,1.9,18.3,19.3,-0.3,0.8,0.4,.028,-1.6,0.8,-0.8,0.2,,willivi01
518,Ziaire Williams,24,BRK,SF,37,4,844,11.2,.567,.684,.284,2.6,10.7,6.5,5.5,2.5,2.1,10.9,17.9,0.1,0.7,0.9,.049,-2.6,0.1,-2.5,-0.1,,willizi02
519,Zion Williamson,25,NOP,PF,39,32,1154,23.3,.629,.006,.592,8.0,14.7,11.3,19.8,1.6,2.0,11.7,27.3,3.0,0.7,3.7,.152,3.7,-0.6,3.0,1.5,,willizi01
520,Jalen Wilson,25,BRK,PF,34,0,497,7.7,.528,.619,.297,1.3,11.5,6.2,6.6,1.3,0.4,9.8,17.0,-0.1,0.2,0.1,.010,-4.0,-1.9,-5.8,-0.5,,wilsoja03
521,James Wiseman,24,IND,C,4,1,58,4.2,.597,.000,.200,9.0,5.7,7.4,7.1,0.0,1.5,31.5,11.6,0.0,0.0,0.0,-0.021,-8.0,-1.0,-8.9,-0.1,,wisemja01
522,Danny Wolf,21,BRK,PF,38,8,764,12.5,.515,.466,.185,5.8,21.7,13.4,15.9,1.4,2.3,11.4,19.5,0.1,0.7,0.7,.047,-2.1,-0.3,-2.3,-0.1,,wolfda01
523,Guerschon Yabusele,30,2TM,C,44,2,448,9.0,.510,.649,.090,6.7,18.3,12.4,6.4,1.1,1.5,11.4,14.9,0.0,0.5,0.5,.052,-2.9,-0.8,-3.8,-0.2,,yabusgu01
524,Jahmir Young,25,MIA,PG,8,0,44,7.4,.437,.368,.053,4.6,4.7,4.6,18.4,1.0,0.0,9.3,19.7,0.0,0.0,0.0,-0.005,-5.8,-1.6,-7.5,-0.1,,youngja05
525,Trae Young,27,ATL,PG,10,10,280,19.8,.577,.437,.541,0.0,5.9,2.9,45.4,1.7,0.3,13.5,28.8,0.7,0.2,0.8,.145,3.3,-2.0,1.3,0.2,,youngtr01
526,Chris Youngblood,23,OKC,SG,32,0,174,10.1,.505,.850,.167,4.6,12.6,8.7,8.1,1.1,1.7,3.0,16.5,0.1,0.3,0.4,.108,-2.6,-0.4,-3.0,0.0,,youngch01
527,Ivica Zubac,28,LAC,C,43,42,1328,19.0,.635,.000,.308,13.5,27.6,20.8,11.6,0.6,2.6,14.4,19.1,2.6,1.4,4.0,.145,0.9,-0.9,0.0,0.7,,zubaciv01
,League Average,,,,,,,,.580,.415,.266,5.2,14.8,10.0,16.2,1.7,1.9,12.2,19.9,,,,,,,,,,-9999