Rk,Player▲,Age,Team,Pos,G,GS,MP,FG,FGA,FG%,3P,3PA,3P%,2P,2PA,2P%,eFG%,FT,FTA,FT%,ORB,DRB,TRB,AST,STL,BLK,TOV,PF,PTS,Awards,Player▲-additional
1,Precious Achiuwa,26,SAC,C,47,31,20.3,3.0,6.0,.498,0.3,1.1,.296,2.7,4.9,.546,.527,0.8,1.6,.527,1.9,3.6,5.4,1.1,0.8,0.5,0.7,1.6,7.2,,achiupr01
2,Steven Adams,32,HOU,C,32,11,22.8,2.2,4.3,.504,0.0,0.0,,2.2,4.3,.504,.504,1.5,2.5,.580,4.5,4.1,8.6,1.5,0.7,0.6,1.1,1.7,5.8,,adamsst01
3,Bam Adebayo,28,MIA,C,47,47,31.3,6.5,14.6,.446,1.6,4.7,.342,4.9,9.9,.496,.501,3.6,4.6,.783,2.1,7.7,9.8,2.8,1.0,0.6,1.8,1.7,18.3,,adebaba01
4,Ochai Agbaji,25,TOR,SG,42,13,15.5,1.7,4.0,.424,0.3,1.5,.185,1.4,2.5,.571,.459,0.6,0.7,.862,0.8,1.5,2.3,0.7,0.4,0.3,0.5,1.8,4.3,,agbajoc01
5,Santi Aldama,25,MEM,PF,43,11,27.9,5.3,11.1,.479,1.6,4.7,.350,3.7,6.4,.572,.553,1.8,2.7,.667,1.6,5.1,6.7,2.9,0.9,0.7,1.3,1.6,14.0,,aldamsa01
6,Trey Alexander,22,NOP,SG,5,0,8.4,1.2,1.8,.667,0.4,0.6,.667,0.8,1.2,.667,.778,0.0,0.0,,0.0,0.8,0.8,1.0,0.2,0.2,0.2,0.8,2.8,,alexatr01
7,Nickeil Alexander-Walker,27,ATL,SG,53,46,33.1,6.9,15.8,.437,3.1,8.2,.376,3.8,7.6,.502,.535,3.4,3.8,.882,0.6,3.0,3.6,3.7,1.2,0.6,2.0,2.2,20.3,,alexani01
8,Grayson Allen,30,PHO,SG,35,26,30.3,5.6,13.5,.418,3.3,9.1,.369,2.3,4.4,.519,.542,2.4,2.9,.842,0.7,2.3,3.0,4.0,1.4,0.3,1.7,2.3,17.0,,allengr01
9,Jarrett Allen,27,CLE,C,42,42,27.3,5.7,9.3,.615,0.0,0.2,.111,5.7,9.1,.627,.617,3.0,4.0,.746,2.3,5.9,8.3,2.0,1.0,0.8,1.4,1.8,14.5,,allenja01
10,Jose Alvarado,27,2TM,PG,42,0,21.9,2.9,7.0,.418,1.7,4.7,.362,1.2,2.2,.538,.541,0.5,0.6,.833,0.4,2.4,2.8,3.1,0.9,0.1,1.1,2.0,8.0,,alvarjo01
11,Kyle Anderson,32,2TM,SF,22,2,20.6,3.0,5.4,.546,0.1,0.2,.600,2.8,5.2,.544,.559,1.3,2.0,.651,0.9,2.5,3.5,2.9,1.2,0.6,1.0,2.3,7.3,,anderky01
12,Giannis Antetokounmpo,31,MIL,PF,30,30,29.2,10.5,16.2,.645,0.5,1.3,.395,10.0,15.0,.666,.660,6.5,9.9,.658,2.8,7.2,10.0,5.6,0.9,0.7,3.3,2.6,28.0,,antetgi01
13,Thanasis Antetokounmpo,33,MIL,SF,18,0,3.0,0.4,0.8,.533,0.0,0.1,.000,0.4,0.8,.571,.533,0.3,0.6,.545,0.4,0.3,0.7,0.1,0.3,0.2,0.2,0.5,1.2,,antetth01
14,Cole Anthony,25,MIL,PG,35,0,15.1,2.8,6.6,.424,0.6,2.1,.306,2.2,4.5,.478,.472,0.5,0.7,.615,0.5,2.0,2.5,3.5,0.6,0.3,1.9,2.1,6.7,,anthoco01
15,OG Anunoby,28,NYK,PF,41,41,33.0,5.8,12.2,.479,2.1,5.6,.370,3.8,6.6,.572,.564,2.8,3.5,.800,1.4,4.0,5.5,2.4,1.7,0.7,2.1,2.5,16.6,,anunoog01
16,Deni Avdija,25,POR,SF,45,45,34.4,7.8,16.7,.467,2.3,6.4,.354,5.5,10.3,.538,.535,7.6,9.5,.800,1.2,6.1,7.2,6.7,0.8,0.6,3.8,2.6,25.5,,avdijde01
17,Deandre Ayton,27,LAL,C,46,46,28.2,6.0,9.0,.675,0.0,0.0,,6.0,9.0,.675,.675,1.2,1.8,.646,2.5,5.9,8.5,0.9,0.6,1.0,1.4,2.3,13.2,,aytonde01
18,Marvin Bagley III,26,2TM,PF,39,8,19.4,4.1,6.7,.615,0.2,0.5,.450,3.9,6.2,.629,.633,1.8,2.7,.692,2.7,3.2,5.8,1.5,0.5,0.8,1.1,2.0,10.3,,baglema01
19,Ace Bailey,19,UTA,SF,47,36,26.1,4.7,10.5,.447,1.5,4.3,.338,3.2,6.2,.524,.517,0.7,1.0,.708,1.5,2.2,3.8,1.6,0.8,0.5,1.3,2.6,11.6,,baileac01
20,Patrick Baldwin Jr.,23,2TM,SF,3,0,4.7,1.0,1.3,.750,0.7,1.0,.667,0.3,0.3,1.000,1.000,0.7,0.7,1.000,0.0,0.7,0.7,0.0,0.0,0.0,0.3,0.7,3.3,,baldwpa01
21,LaMelo Ball,24,CHO,PG,44,41,27.6,6.8,16.8,.402,3.4,9.3,.362,3.4,7.5,.452,.502,2.3,2.5,.884,0.9,4.0,4.8,7.4,1.1,0.2,3.1,2.6,19.2,,ballla01
22,Lonzo Ball,28,CLE,PG,35,3,20.8,1.5,5.0,.301,1.1,4.2,.272,0.4,0.8,.448,.415,0.4,0.6,.667,0.7,3.3,4.0,3.9,1.3,0.3,1.5,1.3,4.6,,balllo01
23,Mo Bamba,27,TOR,C,2,0,3.0,0.0,1.0,.000,0.0,0.0,,0.0,1.0,.000,.000,0.0,0.0,,0.5,0.5,1.0,0.0,0.0,0.5,0.0,1.0,0.0,,bambamo01
24,Paolo Banchero,23,ORL,PF,42,42,34.3,7.1,15.6,.457,1.1,3.7,.301,6.0,11.9,.506,.493,6.0,7.9,.765,1.1,7.4,8.5,4.9,0.7,0.6,2.8,2.0,21.4,,banchpa01
25,Desmond Bane,27,ORL,SG,52,52,33.9,7.0,15.0,.468,1.8,5.1,.357,5.2,9.9,.524,.528,3.6,3.8,.930,1.3,3.0,4.2,4.2,0.9,0.5,2.2,3.0,19.4,,banede01
26,Dalano Banton,26,LAC,PG,1,0,4.0,1.0,2.0,.500,0.0,0.0,,1.0,2.0,.500,.500,0.0,0.0,,0.0,0.0,0.0,0.0,0.0,0.0,1.0,0.0,2.0,,bantoda01
27,Dominick Barlow,22,PHI,PF,42,35,23.8,3.3,6.0,.556,0.4,1.5,.279,2.9,4.5,.644,.589,1.4,1.8,.770,2.3,2.8,5.0,1.2,1.0,0.6,0.8,2.0,8.4,,barlodo01
28,Harrison Barnes,33,SAS,PF,52,49,28.0,3.6,8.2,.440,1.9,5.1,.376,1.7,3.1,.543,.556,1.5,1.8,.839,0.8,2.2,2.9,2.1,0.6,0.2,1.0,1.3,10.6,,barneha02
29,Scottie Barnes,24,TOR,PF,53,53,34.5,7.6,15.0,.506,0.9,3.0,.306,6.6,11.9,.556,.537,3.3,4.1,.814,2.2,6.3,8.4,5.6,1.3,1.6,2.7,2.8,19.4,,barnesc01
30,Brooks Barnhizer,23,OKC,SG,28,0,7.6,0.6,1.6,.409,0.2,0.5,.333,0.5,1.0,.448,.466,0.1,0.2,.667,0.4,1.3,1.7,0.5,0.2,0.1,0.3,0.7,1.6,,barnhbr01
31,RJ Barrett,25,TOR,SF,30,30,29.5,6.8,14.2,.479,1.8,5.2,.340,5.0,9.0,.559,.541,3.3,4.7,.695,1.0,4.3,5.3,3.6,0.8,0.3,1.7,2.4,18.6,,barrerj01
32,Charles Bassey,25,MEM,C,2,0,15.5,1.5,4.0,.375,0.0,0.0,,1.5,4.0,.375,.375,0.5,1.5,.333,3.5,4.0,7.5,1.0,0.5,0.5,0.5,2.5,3.5,,bassech01
33,Jamison Battle,24,TOR,SF,38,2,8.6,1.2,2.4,.505,0.6,1.4,.415,0.6,1.0,.632,.626,0.2,0.2,.667,0.3,1.1,1.4,0.4,0.1,0.1,0.4,0.8,3.2,,battlja01
34,Nicolas Batum,37,LAC,PF,51,4,19.5,1.4,3.6,.397,1.4,3.4,.394,0.1,0.2,.444,.584,0.2,0.2,.818,0.4,2.3,2.6,0.8,0.7,0.4,0.7,1.5,4.4,,batumni01
35,Bradley Beal,32,LAC,SG,6,6,20.2,3.0,8.0,.375,1.2,3.2,.368,1.8,4.8,.379,.448,1.0,1.3,.750,0.3,0.5,0.8,1.7,0.5,0.0,1.5,2.3,8.2,,bealbr01
36,MarJon Beauchamp,25,PHI,SF,1,0,20.0,3.0,7.0,.429,1.0,2.0,.500,2.0,5.0,.400,.500,3.0,4.0,.750,1.0,3.0,4.0,4.0,3.0,0.0,0.0,0.0,10.0,,beaucma01
37,Joan Beringer,19,MIN,PF,26,0,6.8,1.4,2.1,.673,0.0,0.0,,1.4,2.1,.673,.673,0.2,0.4,.545,1.0,1.0,2.0,0.3,0.1,0.4,0.3,1.0,3.1,,berinjo01
38,Saddiq Bey,26,NOP,SF,48,40,30.4,5.7,12.7,.450,1.9,5.4,.345,3.9,7.3,.527,.523,3.3,4.0,.842,1.6,4.2,5.8,2.4,0.9,0.0,0.7,1.1,16.6,,beysa01
39,Goga Bitadze,26,ORL,C,42,1,16.0,2.5,3.6,.687,0.0,0.2,.200,2.4,3.3,.721,.693,0.9,1.2,.731,2.1,3.0,5.0,1.2,0.7,1.2,0.5,2.1,5.9,,bitadgo01
40,Bismack Biyombo,33,SAS,C,13,1,5.3,0.3,0.5,.667,0.0,0.0,,0.3,0.5,.667,.667,0.1,0.2,.500,0.2,0.4,0.6,0.2,0.2,0.1,0.2,0.8,0.7,,biyombi01
41,Anthony Black,22,ORL,PG,52,32,31.2,5.8,12.6,.460,1.7,4.8,.341,4.1,7.8,.533,.525,2.9,3.8,.755,0.8,3.3,4.1,4.0,1.4,0.7,2.2,2.8,16.1,,blackan01
42,Bogdan Bogdanović,33,LAC,SG,17,3,21.9,2.6,7.1,.372,1.4,4.4,.324,1.2,2.8,.447,.471,0.9,1.1,.842,0.3,2.5,2.8,2.6,0.5,0.1,1.3,2.4,7.6,,bogdabo01
43,Adem Bona,22,PHI,C,44,3,16.2,1.5,2.6,.583,0.0,0.1,.400,1.5,2.5,.591,.591,1.0,1.6,.667,1.8,2.1,3.9,0.2,0.3,1.3,0.7,2.1,4.1,,bonaad01
44,Devin Booker,29,PHO,SG,42,42,34.0,8.3,18.2,.456,1.7,5.5,.307,6.6,12.7,.520,.502,7.0,8.1,.865,0.8,3.2,4.0,6.3,0.9,0.3,3.3,2.7,25.3,,bookede01
45,Chris Boucher,33,BOS,PF,9,0,10.4,0.9,2.8,.320,0.2,1.7,.133,0.7,1.1,.600,.360,0.3,0.4,.750,0.2,1.8,2.0,0.3,0.6,0.8,0.1,1.9,2.3,,bouchch01
46,Jamaree Bouyea,26,PHO,PG,27,0,15.2,2.8,5.4,.517,0.6,1.9,.340,2.1,3.5,.611,.576,0.5,0.7,.700,0.5,1.4,1.9,1.7,0.7,0.4,0.6,0.8,6.7,,bouyeja01
47,Tony Bradley,28,IND,C,38,3,10.9,1.6,2.8,.557,0.0,0.1,.500,1.5,2.7,.558,.561,0.8,1.1,.744,1.5,1.3,2.8,0.5,0.2,0.2,0.4,1.6,4.0,,bradlto01
48,Malaki Branham,22,WAS,SG,28,0,9.8,1.5,3.3,.473,0.5,1.3,.378,1.0,1.9,.537,.549,1.0,1.2,.824,0.4,1.1,1.6,0.8,0.4,0.1,0.5,0.8,4.6,,branhma01
49,Christian Braun,24,DEN,SG,18,18,29.8,3.7,7.9,.465,0.6,2.4,.250,3.1,5.4,.561,.504,1.8,2.3,.762,1.6,2.6,4.2,2.6,0.6,0.4,1.1,2.2,9.7,,braunch01
50,Koby Brea,23,PHO,SG,2,0,4.0,0.5,1.5,.333,0.0,1.0,.000,0.5,0.5,1.000,.333,1.0,1.0,1.000,0.0,0.5,0.5,1.0,0.0,0.0,0.0,0.0,2.0,,breako01
51,Mikal Bridges,29,NYK,SF,53,53,34.4,6.3,12.5,.500,2.2,5.6,.390,4.1,7.0,.588,.587,1.0,1.2,.815,1.1,3.0,4.1,4.1,1.4,0.8,1.0,1.9,15.7,,bridgmi01
52,Miles Bridges,27,CHO,PF,53,53,32.2,6.5,14.5,.449,2.1,6.5,.327,4.4,8.0,.546,.522,3.1,3.6,.845,1.0,5.1,6.1,3.5,0.5,0.5,1.5,1.8,18.2,,bridgmi02
53,Dillon Brooks,30,PHO,SF,47,47,31.2,7.7,17.4,.441,2.4,6.9,.353,5.3,10.6,.498,.510,3.3,3.9,.858,0.7,2.9,3.6,1.8,1.1,0.2,1.8,3.4,21.1,,brookdi01
54,Johni Broome,23,PHI,C,10,0,4.8,0.4,2.2,.182,0.0,0.4,.000,0.4,1.8,.222,.182,0.2,0.6,.333,0.6,0.9,1.5,0.4,0.2,0.1,0.3,0.6,1.0,,broomjo01
55,Bruce Brown,29,DEN,SG,54,2,24.9,2.9,6.3,.459,0.5,1.6,.341,2.3,4.7,.498,.501,1.2,1.5,.771,1.2,2.8,4.0,2.1,1.1,0.3,1.0,2.5,7.5,,brownbr01
56,Jaylen Brown,29,BOS,SF,48,48,34.3,10.9,22.6,.484,2.1,5.9,.352,8.9,16.7,.531,.530,5.4,7.0,.772,1.2,5.7,6.9,4.7,1.0,0.4,3.6,2.8,29.4,,brownja02
57,Kobe Brown,26,LAC,PF,34,0,8.7,1.0,2.5,.393,0.4,1.4,.265,0.6,1.0,.571,.470,0.6,0.8,.808,0.5,1.0,1.6,0.8,0.3,0.1,0.4,0.5,2.9,,brownko01
58,Jalen Brunson,29,NYK,PG,48,48,34.5,9.6,20.6,.469,2.9,7.8,.375,6.7,12.8,.526,.540,4.9,5.8,.849,0.5,2.8,3.3,6.1,0.7,0.1,2.2,2.3,27.1,,brunsja01
59,Carter Bryant,20,SAS,PF,41,0,8.8,1.1,3.1,.357,0.5,1.6,.313,0.6,1.4,.407,.440,0.3,0.3,.786,0.4,1.4,1.9,0.2,0.2,0.2,0.3,0.9,3.0,,bryanca01
60,Thomas Bryant,28,CLE,C,38,0,10.3,1.9,3.6,.522,0.7,1.9,.366,1.2,1.7,.692,.618,0.8,0.9,.833,0.8,2.0,2.8,0.6,0.2,0.4,0.4,1.2,5.2,,bryanth01
61,Kobe Bufkin,22,LAL,SG,4,0,11.3,1.0,2.8,.364,0.5,1.8,.286,0.5,1.0,.500,.455,0.5,0.5,1.000,0.3,1.0,1.3,0.5,0.3,0.8,0.3,0.8,3.0,,bufkiko01
62,Jimmy Butler,36,GSW,SF,38,38,31.1,6.3,12.2,.519,0.8,2.2,.376,5.5,9.9,.552,.554,6.5,7.6,.864,2.3,3.2,5.6,4.9,1.4,0.2,1.6,1.2,20.0,,butleji01
63,Matas Buzelis,21,CHI,PF,54,54,28.3,5.4,11.4,.474,2.0,5.5,.370,3.4,5.9,.570,.563,2.3,2.9,.778,1.1,4.3,5.3,2.0,0.6,1.5,1.9,2.4,15.2,,buzelma01
64,Jamal Cain,26,ORL,SF,19,0,6.9,0.8,2.0,.395,0.3,1.0,.316,0.5,1.0,.474,.474,0.8,0.9,.833,0.4,0.4,0.7,0.3,0.2,0.1,0.4,1.2,2.7,,cainja01
65,Kentavious Caldwell-Pope,32,MEM,SG,50,14,21.2,3.0,7.2,.413,1.1,3.4,.320,1.9,3.8,.497,.489,1.5,1.6,.913,0.4,2.0,2.4,2.7,0.8,0.2,1.2,1.1,8.5,,caldwke01
66,Toumani Camara,25,POR,PF,54,54,33.6,4.7,10.7,.438,2.6,7.1,.364,2.1,3.6,.585,.559,1.2,1.7,.714,1.7,3.6,5.3,2.6,1.0,0.4,1.9,3.2,13.2,,camarto01
67,Clint Capela,31,HOU,C,45,1,11.7,1.7,3.2,.528,0.0,0.0,,1.7,3.2,.528,.528,0.4,0.8,.556,2.2,2.3,4.6,0.6,0.5,0.7,0.4,0.8,3.8,,capelca01
68,Dylan Cardwell,24,SAC,C,28,1,21.0,2.3,3.8,.607,0.0,0.0,.000,2.3,3.8,.613,.607,0.7,1.3,.556,3.1,4.5,7.6,1.2,0.8,1.7,0.8,3.7,5.4,,cardwdy01
69,Branden Carlson,26,OKC,C,34,2,11.0,2.0,3.8,.523,0.6,1.7,.356,1.4,2.1,.662,.604,0.3,0.5,.529,0.6,2.0,2.6,0.6,0.2,0.5,0.4,0.9,4.9,,carlsbr01
70,Bub Carrington,20,WAS,PG,52,23,28.1,3.5,8.8,.401,2.1,5.3,.397,1.4,3.4,.408,.522,1.0,1.4,.761,0.4,3.1,3.5,4.6,0.6,0.2,2.4,2.2,10.2,,carrica01
71,Devin Carter,23,SAC,PG,19,0,12.5,2.1,5.2,.398,0.4,2.2,.190,1.6,2.9,.554,.439,0.9,1.1,.810,0.6,1.5,2.1,1.8,0.6,0.2,0.9,1.2,5.4,,cartede02
72,Jevon Carter,30,2TM,PG,24,0,10.8,1.7,4.4,.387,1.3,3.3,.400,0.4,1.1,.346,.538,0.4,0.4,1.000,0.2,0.9,1.1,0.8,0.5,0.1,0.5,0.8,5.2,,carteje01
73,Wendell Carter Jr.,26,ORL,C,50,50,29.5,4.2,8.4,.498,1.1,3.4,.337,3.0,5.0,.606,.565,2.2,2.8,.787,2.1,5.2,7.3,2.1,0.8,0.7,1.2,3.6,11.7,,cartewe01
74,Alex Caruso,31,OKC,SG,35,0,18.6,2.3,5.4,.434,1.0,3.3,.313,1.3,2.1,.622,.529,0.7,0.9,.781,0.5,2.1,2.7,2.1,1.4,0.4,0.8,1.3,6.4,,carusal01
75,Stephon Castle,21,SAS,PG,42,41,30.8,5.8,12.5,.467,1.1,3.8,.289,4.7,8.7,.544,.510,4.3,6.0,.722,1.2,4.0,5.2,7.0,1.4,0.3,3.5,3.4,17.1,,castlst01
76,Julian Champagnie,24,SAS,SF,52,38,28.3,3.7,8.6,.427,2.5,6.6,.374,1.2,2.0,.602,.571,1.6,1.9,.850,0.9,5.1,6.0,1.4,0.8,0.4,1.0,1.6,11.4,,champju02
77,Justin Champagnie,24,WAS,SF,49,14,19.2,2.9,5.9,.498,0.7,2.1,.317,2.3,3.8,.600,.555,1.1,1.5,.757,2.1,3.6,5.7,1.1,0.8,0.6,0.6,1.5,7.7,,champju01
78,Cam Christie,20,LAC,SG,37,0,10.1,1.2,2.9,.402,0.3,1.1,.286,0.8,1.8,.477,.458,0.9,1.1,.762,0.3,1.2,1.6,0.6,0.2,0.1,0.4,0.5,3.5,,chrisca02
79,Max Christie,22,DAL,SG,48,39,29.6,4.5,9.7,.468,2.5,5.9,.429,2.0,3.8,.527,.598,1.7,2.0,.872,0.2,3.2,3.4,2.2,0.5,0.3,1.1,1.4,13.3,,chrisma02
80,Moussa Cisse,23,DAL,C,30,1,12.0,1.4,2.3,.609,0.0,0.0,,1.4,2.3,.609,.609,0.9,1.9,.482,1.8,2.6,4.5,0.2,0.3,1.1,0.7,1.9,3.7,,cissemo01
81,Sidy Cissoko,21,POR,SF,49,23,22.1,2.2,5.4,.403,1.1,3.3,.325,1.1,2.0,.530,.504,1.0,1.5,.699,1.0,1.6,2.6,1.5,0.7,0.3,1.1,2.7,6.4,,cissosi01
82,Jaylen Clark,24,MIN,SG,52,0,13.5,1.4,3.2,.425,0.4,1.3,.286,1.0,1.9,.526,.485,0.7,1.1,.627,0.9,1.0,1.9,0.6,0.7,0.2,0.3,1.4,3.8,,clarkja02
83,Brandon Clarke,29,MEM,PF,2,2,10.0,1.5,4.5,.333,0.0,0.0,,1.5,4.5,.333,.333,1.0,2.0,.500,2.0,1.0,3.0,0.5,1.0,0.0,0.0,2.5,4.0,,clarkbr01
84,Jordan Clarkson,33,NYK,SG,49,1,19.1,3.4,8.0,.431,1.2,3.7,.335,2.2,4.3,.514,.509,1.1,1.4,.794,0.8,1.0,1.8,1.4,0.4,0.1,1.0,1.9,9.2,,clarkjo01
85,Nic Claxton,26,BRK,C,50,49,29.3,5.1,8.7,.590,0.1,0.3,.214,5.1,8.4,.602,.593,2.2,3.7,.607,2.6,4.7,7.3,4.0,0.7,1.3,1.4,2.3,12.5,,claxtni01
86,Walter Clayton,22,2TM,PG,47,0,18.3,2.3,5.9,.400,1.0,3.2,.298,1.4,2.6,.524,.482,1.3,1.4,.938,0.3,1.7,2.0,3.3,0.6,0.3,1.3,1.7,6.9,,claytwa01
87,Nique Clifford,23,SAC,SG,51,9,21.0,2.5,6.1,.408,0.9,2.6,.328,1.6,3.5,.469,.479,0.7,1.1,.704,0.8,2.3,3.0,1.6,0.6,0.3,1.2,1.9,6.6,,cliffni01
88,Donovan Clingan,21,POR,C,50,50,27.5,4.4,8.5,.524,1.0,3.1,.318,3.5,5.4,.641,.581,1.6,2.4,.667,4.7,6.7,11.4,2.0,0.5,1.4,1.1,2.4,11.5,,clingdo01
89,Noah Clowney,21,BRK,PF,47,41,28.4,4.0,10.1,.392,2.1,6.5,.322,1.9,3.7,.514,.495,2.9,3.7,.798,1.0,3.3,4.3,1.8,0.7,0.8,1.7,2.7,13.0,,clownno01
90,Amir Coffey,28,MIL,SG,30,2,8.8,0.9,1.8,.473,0.2,0.8,.280,0.6,1.0,.633,.536,0.4,0.5,.867,0.2,0.7,0.9,0.4,0.1,0.1,0.1,0.5,2.4,,coffeam01
91,Isaiah Collier,21,UTA,PG,46,10,25.3,3.9,7.6,.510,0.4,1.6,.278,3.4,6.0,.570,.539,2.1,3.0,.686,0.4,2.2,2.7,7.2,1.0,0.3,2.4,2.3,10.3,,colliis01
92,John Collins,28,LAC,PF,49,40,27.7,5.3,9.4,.566,1.4,3.3,.441,3.9,6.2,.632,.643,1.7,2.1,.788,1.4,3.6,5.0,0.9,0.8,0.8,1.3,2.8,13.8,,collijo01
93,Zach Collins,28,CHI,C,10,0,18.4,3.7,6.4,.578,0.9,2.1,.429,2.8,4.3,.651,.648,1.4,2.0,.700,1.6,4.0,5.6,1.5,0.2,0.4,1.0,1.8,9.7,,colliza01
94,Mike Conley,38,MIN,PG,44,9,18.5,1.3,4.0,.322,1.0,3.0,.321,0.3,1.0,.326,.443,0.9,1.0,.891,0.3,1.4,1.8,2.9,0.6,0.3,0.6,1.5,4.4,,conlemi01
95,Pat Connaughton,33,CHO,SG,22,0,7.0,1.0,2.0,.489,0.5,1.2,.407,0.5,0.8,.611,.611,0.4,0.6,.615,0.3,1.1,1.4,0.6,0.2,0.0,0.1,0.2,2.9,,connapa01
96,Javonte Cooke,26,POR,SG,14,0,5.5,0.6,2.2,.290,0.2,1.2,.176,0.4,1.0,.429,.339,0.1,0.1,1.000,0.1,0.7,0.9,0.5,0.4,0.0,0.5,0.3,1.6,,cookeja01
97,Sharife Cooper,24,WAS,PG,11,0,13.4,2.2,3.9,.558,0.5,1.3,.429,1.6,2.6,.621,.628,0.5,0.6,.714,0.4,1.6,2.0,1.6,0.2,0.1,1.4,1.1,5.4,,coopesh01
98,Bilal Coulibaly,21,WAS,SG,32,32,26.9,3.2,8.1,.388,0.9,3.3,.262,2.3,4.8,.477,.442,2.5,3.2,.767,0.9,3.7,4.6,2.5,1.4,0.9,1.6,2.7,9.7,,coulibi01
99,Cedric Coward,22,MEM,SG,48,35,26.3,4.9,10.4,.468,1.5,4.4,.340,3.4,6.0,.561,.539,2.1,2.5,.843,1.4,4.9,6.2,2.9,0.6,0.4,1.8,2.0,13.3,,cowarce01
100,Isaiah Crawford,24,HOU,SF,5,0,5.6,0.6,1.2,.500,0.2,0.8,.250,0.4,0.4,1.000,.583,0.0,0.0,,0.0,0.4,0.4,0.4,0.4,0.4,0.0,0.0,1.4,,crawfis01
101,LJ Cryer,24,GSW,PG,3,0,2.7,0.7,1.7,.400,0.7,1.3,.500,0.0,0.3,.000,.600,0.0,0.0,,0.0,0.3,0.3,0.0,0.0,0.0,0.0,0.3,2.0,,cryerlj01
102,Cade Cunningham,24,DET,PG,46,46,35.0,8.8,19.3,.459,1.8,5.7,.321,7.0,13.6,.517,.506,5.8,7.1,.810,1.0,4.6,5.6,9.6,1.4,0.8,3.7,3.2,25.3,,cunnica01
103,Seth Curry,35,GSW,SG,2,0,16.0,3.0,4.5,.667,1.0,2.0,.500,2.0,2.5,.800,.778,0.0,0.0,,0.5,1.5,2.0,1.5,1.0,0.0,0.0,1.5,7.0,,curryse01
104,Stephen Curry,37,GSW,PG,39,39,31.3,8.9,19.1,.468,4.5,11.5,.391,4.4,7.6,.584,.585,4.9,5.2,.931,0.4,3.1,3.5,4.8,1.1,0.4,2.8,1.9,27.2,,curryst01
105,Tristan Da Silva,24,ORL,SF,47,14,22.3,3.3,7.6,.427,1.4,3.9,.368,1.8,3.7,.491,.522,0.7,0.8,.842,0.7,2.6,3.2,1.2,0.9,0.3,0.8,1.3,8.6,,dasiltr01
106,Pacome Dadiet,20,NYK,SG,20,0,3.4,0.2,0.7,.231,0.1,0.4,.125,0.1,0.3,.400,.269,0.3,0.3,1.000,0.1,0.6,0.7,0.5,0.2,0.0,0.0,0.2,0.7,,dadiepa01
107,Dyson Daniels,22,ATL,SG,52,52,33.8,5.1,10.3,.493,0.2,1.4,.135,4.9,8.9,.550,.502,1.0,1.7,.609,2.2,4.3,6.5,6.2,1.9,0.4,2.0,2.2,11.4,,daniedy01
108,N'Faly Dante,24,ATL,C,4,0,3.8,0.3,1.0,.250,0.0,0.0,,0.3,1.0,.250,.250,0.3,0.3,1.000,0.8,1.0,1.8,0.0,0.5,0.0,0.3,0.3,0.8,,nfalyda01
109,Anthony Davis,32,DAL,PF,20,20,31.3,8.5,16.7,.506,0.5,1.9,.270,8.0,14.9,.535,.521,3.0,4.1,.728,3.1,8.0,11.1,2.8,1.1,1.7,2.1,2.1,20.4,,davisan02
110,JD Davison,23,HOU,PG,24,0,7.4,0.8,2.1,.392,0.3,1.1,.296,0.5,1.0,.500,.471,0.2,0.4,.556,0.1,0.8,0.9,1.1,0.2,0.2,0.3,0.7,2.2,,davisjd01
111,RayJ Dennis,24,3TM,PG,15,0,11.8,1.5,4.9,.301,0.8,2.6,.308,0.7,2.3,.294,.384,0.5,0.6,.889,0.5,1.0,1.5,2.0,0.3,0.3,1.0,1.1,4.3,,dennira01
112,DeMar DeRozan,36,SAC,PF,55,55,32.4,6.6,13.3,.497,0.7,2.1,.342,5.9,11.1,.527,.525,4.7,5.5,.861,0.5,2.7,3.2,3.8,1.2,0.3,1.1,2.1,18.7,,derozde01
113,Moussa Diabaté,24,CHO,C,50,24,25.2,3.2,5.1,.632,0.0,0.0,.500,3.2,5.0,.633,.634,1.8,2.7,.662,3.7,5.0,8.6,1.6,0.7,1.0,0.9,2.4,8.2,,diabamo01
114,Mohamed Diawara,20,NYK,SF,43,6,6.5,1.0,2.1,.451,0.5,1.2,.396,0.5,0.9,.526,.566,0.1,0.1,.500,0.2,0.8,1.1,0.5,0.2,0.1,0.3,0.6,2.5,,diawamo01
115,Gradey Dick,22,TOR,SG,54,1,16.1,2.3,5.3,.425,0.9,2.8,.309,1.4,2.6,.551,.505,1.1,1.3,.870,0.6,1.6,2.2,0.7,0.7,0.1,0.5,1.4,6.5,,dickgr01
116,Hunter Dickinson,25,NOP,C,1,0,5.0,1.0,2.0,.500,0.0,0.0,,1.0,2.0,.500,.500,0.0,0.0,,0.0,0.0,0.0,0.0,0.0,1.0,2.0,2.0,2.0,,dickihu01
117,Ousmane Dieng,22,2TM,C,28,0,10.7,1.4,3.4,.415,0.6,1.8,.353,0.8,1.5,.488,.511,0.2,0.2,1.000,0.3,1.3,1.5,1.0,0.1,0.3,0.3,0.8,3.6,,diengou01
118,Rob Dillingham,21,2TM,PG,37,0,10.0,1.5,4.3,.342,0.4,1.0,.351,1.1,3.3,.339,.383,0.5,0.6,.773,0.2,1.2,1.4,1.7,0.6,0.1,1.1,1.1,3.7,,dilliro01
119,Donte DiVincenzo,29,MIN,SG,55,55,31.2,4.4,10.6,.413,3.1,8.0,.385,1.3,2.6,.504,.559,1.1,1.5,.753,1.0,3.5,4.5,4.2,1.4,0.5,1.5,2.6,13.0,,divindo01
120,Luka Dončić,26,LAL,PG,42,42,35.5,10.4,22.0,.473,3.5,10.3,.345,6.9,11.7,.587,.554,8.5,10.9,.781,0.8,7.1,7.8,8.6,1.5,0.5,4.3,2.4,32.8,,doncilu01
121,Luguentz Dort,26,OKC,SF,43,43,27.8,3.0,7.7,.395,2.0,5.5,.354,1.1,2.1,.500,.523,0.7,0.8,.778,0.9,3.0,3.9,1.2,0.9,0.5,0.8,3.0,8.7,,dortlu01
122,Ayo Dosunmu,26,2TM,SG,47,10,26.4,5.6,10.9,.516,2.0,4.3,.451,3.6,6.5,.559,.606,1.9,2.3,.858,0.7,2.2,2.9,3.6,0.8,0.3,1.3,1.8,15.1,,dosunay01
123,Andre Drummond,32,PHI,C,39,19,20.0,2.8,5.5,.502,0.5,1.3,.373,2.3,4.2,.543,.547,1.0,1.6,.629,3.4,5.3,8.7,0.9,0.5,0.9,1.0,2.0,7.0,,drumman01
124,Kris Dunn,31,LAC,PG,52,46,27.3,2.9,6.2,.472,1.0,2.9,.362,1.9,3.3,.566,.556,1.0,1.2,.797,0.8,2.2,2.9,3.3,1.4,0.2,1.4,2.3,7.9,,dunnkr01
125,Ryan Dunn,23,PHO,SF,46,11,19.5,2.4,5.5,.437,0.8,2.5,.325,1.6,3.0,.529,.510,0.4,0.6,.643,1.5,2.6,4.1,1.5,0.9,0.4,0.9,2.2,6.0,,dunnry01
126,Kevin Durant,37,HOU,SF,48,48,36.7,9.1,17.9,.510,2.3,5.7,.404,6.8,12.2,.559,.574,5.4,6.2,.878,0.5,4.8,5.3,4.4,0.8,0.9,3.1,2.1,25.9,,duranke01
127,Jalen Duren,22,DET,C,44,44,27.7,6.9,10.9,.631,0.0,0.0,,6.9,10.9,.631,.631,3.9,5.3,.737,3.7,6.7,10.4,1.8,0.9,0.8,1.9,2.8,17.7,,durenja01
128,Egor Dёmin,19,BRK,PG,45,38,24.8,3.6,8.8,.407,2.5,6.4,.395,1.1,2.5,.438,.549,1.0,1.2,.852,0.5,2.6,3.1,3.3,0.8,0.3,1.8,1.8,10.7,,demineg01
129,Tari Eason,24,HOU,PF,29,15,25.0,4.7,10.1,.466,2.2,4.7,.478,2.5,5.4,.456,.577,0.7,1.1,.625,2.0,4.3,6.3,1.4,1.3,0.6,1.6,2.3,12.4,,easonta01
130,Zach Edey,23,MEM,C,11,11,25.8,5.6,8.9,.633,0.1,0.5,.200,5.5,8.5,.656,.638,2.3,2.9,.781,3.9,7.2,11.1,1.1,0.6,1.9,2.4,3.4,13.6,,edeyza01
131,VJ Edgecombe,20,PHI,SG,49,49,35.4,5.5,13.0,.424,2.0,5.7,.358,3.5,7.3,.475,.502,1.8,2.3,.783,1.6,3.8,5.4,4.2,1.5,0.5,1.8,3.1,14.9,,edgecvj01
132,Anthony Edwards,24,MIN,SG,45,45,35.5,10.2,20.7,.492,3.4,8.4,.397,6.8,12.2,.558,.574,5.9,7.5,.795,0.7,4.6,5.2,3.8,1.3,0.8,2.7,1.8,29.6,,edwaran01
133,Justin Edwards,22,PHI,SF,40,5,14.3,1.7,4.1,.402,0.9,2.7,.346,0.7,1.4,.509,.515,0.5,0.6,.913,0.4,1.1,1.5,1.1,0.7,0.2,0.6,1.5,4.8,,edwarju01
134,Keon Ellis,26,2TM,SG,46,5,17.7,1.9,4.8,.395,1.2,3.4,.365,0.7,1.5,.463,.522,0.4,0.7,.625,0.3,1.0,1.4,0.7,1.1,0.5,0.5,1.6,5.5,,elliske01
135,Joel Embiid,31,PHI,C,31,31,31.4,9.0,18.2,.494,1.3,3.9,.320,7.7,14.2,.542,.528,7.4,8.6,.858,2.1,5.4,7.5,3.9,0.6,1.1,3.0,2.2,26.6,,embiijo01
136,Tristan Enaruna,24,CLE,SF,2,0,5.0,1.0,1.5,.667,0.0,0.0,,1.0,1.5,.667,.667,0.0,0.0,,2.5,0.0,2.5,1.0,0.0,0.0,0.0,0.0,2.0,,enarutr01
137,Noa Essengue,19,CHI,PF,2,0,3.0,0.0,1.5,.000,0.0,1.0,.000,0.0,0.5,.000,.000,0.0,0.0,,0.0,0.0,0.0,0.0,0.5,0.0,0.0,0.5,0.0,,essenno01
138,Tyson Etienne,26,BRK,PG,8,0,4.3,0.5,1.9,.267,0.5,1.6,.308,0.0,0.3,.000,.400,0.0,0.0,,0.0,0.0,0.0,0.1,0.0,0.0,0.1,0.6,1.5,,etienty01
139,Drew Eubanks,28,SAC,C,32,11,13.4,2.2,3.6,.605,0.0,0.2,.200,2.1,3.4,.624,.610,0.8,1.3,.558,0.8,1.8,2.6,0.3,0.4,0.6,0.8,1.3,5.1,,eubandr01
140,Tosan Evbuomwan,24,NYK,SF,5,0,1.6,0.0,0.2,.000,0.0,0.0,,0.0,0.2,.000,.000,0.0,0.0,,0.2,0.2,0.4,0.0,0.0,0.0,0.0,0.2,0.0,,evbuoto01
141,Jeremiah Fears,19,NOP,PG,55,44,25.5,5.0,11.6,.431,1.1,3.2,.328,4.0,8.4,.471,.477,2.1,2.6,.814,0.7,2.8,3.6,3.0,1.3,0.3,2.2,1.8,13.2,,fearsje01
142,Kyle Filipowski,22,UTA,C,53,18,22.2,3.6,7.4,.483,0.8,2.5,.338,2.7,4.9,.558,.541,1.7,2.4,.714,1.8,4.9,6.7,2.0,0.8,0.4,1.4,2.9,9.7,,filipky01
143,Dorian Finney-Smith,32,HOU,PF,19,0,15.6,1.0,3.4,.292,0.6,2.7,.235,0.4,0.7,.500,.385,0.3,0.3,1.000,0.9,1.5,2.4,0.7,0.4,0.2,0.5,1.6,2.9,,finnedo01
144,Cooper Flagg,19,DAL,SF,48,48,34.0,7.8,16.0,.484,1.1,3.6,.304,6.7,12.5,.536,.518,3.6,4.5,.806,1.1,5.4,6.6,4.2,1.2,0.8,2.2,2.2,20.3,,flaggco01
145,Rasheer Fleming,21,PHO,PF,29,0,6.5,0.9,2.6,.347,0.3,1.4,.220,0.6,1.2,.500,.407,0.3,0.4,.727,0.7,0.6,1.3,0.2,0.2,0.2,0.2,0.7,2.4,,flemira01
146,Trentyn Flowers,20,CHI,SF,2,0,3.0,1.0,1.5,.667,0.0,0.5,.000,1.0,1.0,1.000,.667,0.0,0.0,,0.5,0.0,0.5,0.5,0.0,0.0,0.5,0.5,2.0,,flowetr01
147,Simone Fontecchio,30,MIA,SF,52,4,17.4,2.8,7.1,.392,1.8,4.9,.358,1.0,2.2,.469,.516,1.3,1.6,.829,0.8,2.5,3.3,1.6,0.5,0.2,0.8,1.5,8.6,,fontesi01
148,De'Aaron Fox,28,SAS,PG,43,43,32.4,7.3,15.1,.479,2.0,5.8,.349,5.2,9.3,.560,.546,3.0,3.8,.790,0.6,3.4,4.0,6.2,1.2,0.3,2.5,2.3,19.5,,foxde01
149,Enrique Freeman,25,MIN,PF,1,0,4.0,0.0,0.0,,0.0,0.0,,0.0,0.0,,,0.0,0.0,,0.0,2.0,2.0,0.0,0.0,0.0,0.0,0.0,0.0,,freemen01
150,Johnny Furphy,21,IND,SG,35,21,18.4,2.0,4.3,.470,0.7,2.0,.324,1.3,2.2,.603,.547,0.5,1.0,.486,0.9,3.5,4.4,1.2,0.6,0.2,0.8,1.9,5.1,,furphjo01
151,Daniel Gafford,27,DAL,C,36,26,21.4,3.2,5.0,.630,0.0,0.0,,3.2,5.0,.630,.630,2.0,2.6,.755,2.2,4.4,6.6,0.9,0.8,1.3,1.2,2.6,8.3,,gaffoda01
152,Myron Gardner,24,MIA,SF,25,3,9.2,1.4,3.1,.468,0.6,1.6,.400,0.8,1.5,.541,.571,0.5,0.7,.722,0.9,1.8,2.7,1.0,0.5,0.2,0.2,1.7,4.0,,gardnmy01
153,Darius Garland,26,CLE,PG,26,26,30.5,6.5,14.5,.451,2.3,6.3,.360,4.3,8.2,.521,.529,2.6,3.0,.861,0.5,2.0,2.4,6.9,0.8,0.1,2.8,1.8,18.0,,garlada01
154,Luka Garza,27,BOS,C,44,4,16.9,2.9,4.9,.585,0.7,1.7,.438,2.2,3.3,.660,.659,1.4,1.8,.797,2.4,1.8,4.3,1.0,0.4,0.5,0.6,2.4,7.9,,garzalu01
155,Keyonte George,22,UTA,PG,48,48,33.9,7.5,16.3,.458,2.5,6.7,.375,5.0,9.6,.515,.535,6.4,7.1,.894,0.5,3.4,3.9,6.5,1.1,0.3,3.3,2.3,23.8,,georgke01
156,Kyshawn George,22,WAS,SF,42,42,30.3,5.5,12.3,.444,2.1,5.6,.379,3.3,6.7,.498,.530,2.0,2.6,.782,0.9,4.5,5.5,4.9,1.1,0.9,2.8,3.8,15.1,,georgky01
157,Paul George,35,PHI,PF,27,27,30.5,5.6,13.1,.424,2.4,6.4,.382,3.1,6.7,.464,.517,2.4,2.8,.855,0.5,4.6,5.1,3.7,1.5,0.5,1.6,2.2,16.0,,georgpa01
158,Josh Giddey,23,CHI,PG,34,31,32.1,6.4,13.8,.462,1.7,4.7,.366,4.6,9.1,.511,.524,4.1,5.2,.775,1.2,7.4,8.6,8.8,0.9,0.3,3.5,1.6,18.6,,giddejo01
159,Keshon Gilbert,22,WAS,,2,0,21.0,0.0,1.5,.000,0.0,1.0,.000,0.0,0.5,.000,.000,2.0,2.0,1.000,0.5,1.5,2.0,1.5,0.0,2.0,2.0,1.5,2.0,,gilbeke01
160,Shai Gilgeous-Alexander,27,OKC,PG,49,49,33.3,10.9,19.7,.554,1.8,4.6,.390,9.1,15.1,.603,.599,8.2,9.2,.892,0.6,3.9,4.4,6.4,1.3,0.8,2.1,2.1,31.8,,gilgesh01
161,Anthony Gill,33,WAS,PF,27,0,7.6,0.9,1.6,.558,0.1,0.4,.333,0.7,1.1,.645,.605,0.4,0.4,.833,0.5,1.1,1.6,0.3,0.4,0.2,0.4,0.8,2.3,,gillan01
162,Collin Gillespie,26,PHO,PG,52,33,28.3,4.7,10.8,.438,3.1,7.2,.426,1.7,3.6,.462,.580,1.1,1.3,.846,1.0,3.1,4.1,4.7,1.4,0.2,1.7,1.5,13.6,,gilleco01
163,Rudy Gobert,33,MIN,C,53,53,31.3,4.5,6.3,.702,0.0,0.0,.000,4.5,6.3,.707,.702,2.0,4.0,.493,3.8,7.5,11.2,1.7,0.8,1.6,1.3,2.7,10.9,,goberru01
164,Vladislav Goldin,24,MIA,C,2,0,4.0,1.0,1.0,1.000,0.0,0.0,,1.0,1.0,1.000,1.000,0.0,0.0,,0.0,0.5,0.5,1.0,0.0,0.5,0.0,1.5,2.0,,goldivl01
165,Hugo González,19,BOS,SF,48,2,15.3,1.6,3.4,.463,0.5,1.6,.329,1.0,1.8,.581,.540,0.2,0.4,.476,0.9,2.5,3.4,0.6,0.6,0.3,0.6,1.8,3.9,,gonzahu01
166,Jordan Goodwin,27,PHO,PG,50,3,22.0,3.3,8.1,.405,1.5,4.3,.353,1.8,3.8,.464,.499,0.6,0.8,.707,1.9,2.9,4.8,2.2,1.5,0.2,1.0,1.8,8.7,,goodwjo01
167,Aaron Gordon,30,DEN,PF,23,20,27.9,6.0,11.9,.509,1.8,4.6,.400,4.2,7.3,.577,.586,3.7,4.7,.789,1.3,4.9,6.2,2.5,0.7,0.2,1.0,1.7,17.7,,gordoaa01
168,Eric Gordon,37,PHI,SG,6,0,12.3,2.0,3.5,.571,1.3,2.3,.571,0.7,1.2,.571,.762,0.2,0.3,.500,0.2,0.2,0.3,0.5,0.7,0.2,0.5,0.5,5.5,,gordoer01
169,Jerami Grant,31,POR,PF,38,19,29.0,5.8,13.1,.441,2.3,6.2,.380,3.4,7.0,.494,.530,5.1,6.1,.828,0.9,2.6,3.5,2.4,0.7,0.6,2.1,2.6,19.0,,grantje01
170,A.J. Green,26,MIL,SG,47,47,30.0,3.5,7.9,.442,3.1,7.1,.432,0.4,0.8,.526,.636,0.6,0.7,.794,0.2,2.4,2.7,2.0,0.5,0.1,0.9,2.4,10.6,,greenaj01
171,Draymond Green,35,GSW,PF,45,45,26.6,3.0,7.3,.416,1.5,4.6,.330,1.5,2.7,.561,.520,0.8,1.2,.704,0.7,4.9,5.6,5.1,0.9,0.6,2.8,3.0,8.4,,greendr01
172,Jalen Green,23,PHO,SG,6,2,14.3,3.7,8.7,.423,1.8,4.8,.379,1.8,3.8,.478,.529,1.8,2.2,.846,0.3,2.0,2.3,2.0,0.5,0.0,1.3,0.7,11.0,,greenja05
173,Javonte Green,32,DET,SG,52,4,18.5,2.4,5.2,.452,1.1,3.0,.364,1.3,2.3,.568,.555,1.3,1.6,.795,0.8,2.0,2.7,0.7,1.3,0.3,0.7,1.4,7.1,,greenja02
174,Jeff Green,39,HOU,PF,18,0,4.6,0.8,1.8,.469,0.6,1.3,.435,0.3,0.5,.556,.625,0.1,0.1,1.000,0.1,0.5,0.6,0.2,0.1,0.1,0.1,0.3,2.3,,greenje02
175,Josh Green,25,CHO,SG,30,0,16.0,1.6,3.4,.461,1.1,2.5,.432,0.5,0.9,.536,.618,0.5,0.5,.875,0.9,1.1,2.0,1.0,0.6,0.1,0.6,1.1,4.7,,greenjo02
176,Quentin Grimes,25,PHI,SG,48,7,29.9,4.1,9.4,.439,1.8,5.3,.341,2.3,4.0,.567,.536,2.7,3.1,.859,0.6,3.1,3.8,3.6,0.9,0.4,1.9,2.0,12.7,,grimequ01
177,Mouhamed Gueye,23,ATL,PF,52,5,16.4,1.9,4.3,.440,0.5,1.8,.274,1.4,2.5,.562,.498,0.6,1.0,.627,1.3,2.4,3.7,1.0,0.8,0.5,0.5,1.8,4.9,,gueyemo02
178,Rui Hachimura,27,LAL,PF,42,29,29.8,4.7,9.1,.513,1.8,4.1,.448,2.9,5.0,.566,.613,0.9,1.2,.735,0.6,2.9,3.5,0.9,0.5,0.3,0.8,1.5,12.1,,hachiru01
179,PJ Hall,23,2TM,C,15,2,10.3,1.7,2.9,.591,0.2,0.3,.600,1.5,2.6,.590,.625,0.9,1.3,.700,1.5,1.9,3.5,0.5,0.1,0.6,0.7,1.1,4.6,,hallpj01
180,Yang Hansen,20,POR,C,32,1,7.7,0.8,2.6,.293,0.2,1.2,.135,0.6,1.4,.422,.323,0.5,0.6,.944,0.5,1.2,1.7,0.7,0.1,0.3,0.9,1.2,2.2,,yangha01
181,Tim Hardaway Jr.,33,DEN,SG,53,5,27.5,4.5,10.1,.447,2.8,7.1,.404,1.7,3.0,.547,.588,2.1,2.5,.863,0.2,2.4,2.6,1.3,0.5,0.2,0.5,1.2,14.0,,hardati02
182,James Harden,36,2TM,PG,46,46,35.4,7.3,17.4,.421,3.1,8.8,.351,4.2,8.6,.492,.510,7.5,8.3,.904,0.7,4.2,4.9,8.1,1.3,0.4,3.6,1.9,25.3,,hardeja01
183,Jaden Hardy,23,DAL,SG,34,4,12.6,2.3,5.7,.402,1.4,3.6,.371,0.9,2.1,.457,.521,0.9,1.2,.775,0.3,1.1,1.4,0.9,0.3,0.1,0.8,1.1,6.9,,hardyja02
184,Elijah Harkless,25,UTA,SG,7,0,9.4,0.6,1.6,.364,0.3,1.0,.286,0.3,0.6,.500,.455,1.0,1.3,.778,0.3,0.6,0.9,0.7,0.6,0.0,0.4,1.4,2.4,,harklej01
185,Dylan Harper,19,SAS,SG,41,0,21.4,4.3,9.4,.457,0.6,2.5,.252,3.7,6.9,.532,.491,1.4,2.0,.738,0.7,2.7,3.3,3.5,0.9,0.4,1.4,1.9,10.7,,harpedy01
186,Ron Harper Jr.,25,BOS,SF,9,1,10.0,1.1,3.2,.345,0.7,2.4,.273,0.4,0.8,.571,.448,0.1,0.2,.500,0.9,1.1,2.0,0.8,0.1,0.4,0.1,1.0,3.0,,harpero02
187,Gary Harris,31,MIL,SG,37,2,14.8,0.9,2.0,.452,0.5,1.2,.435,0.4,0.7,.481,.589,0.2,0.2,.889,0.4,1.1,1.4,1.1,0.6,0.2,0.4,1.2,2.5,,harriga01
188,Tobias Harris,33,DET,PF,36,36,27.8,4.9,10.7,.456,1.4,4.0,.357,3.4,6.7,.515,.522,2.3,2.6,.884,0.9,3.8,4.7,2.4,0.9,0.2,1.1,1.8,13.5,,harrito02
189,Josh Hart,30,NYK,SF,41,27,30.3,4.6,9.2,.501,1.6,3.9,.404,3.0,5.3,.574,.588,1.4,2.0,.738,1.5,6.0,7.5,5.0,1.2,0.3,2.0,2.6,12.2,,hartjo01
190,Isaiah Hartenstein,27,OKC,C,29,28,26.0,4.5,7.2,.630,0.0,0.2,.000,4.5,7.0,.645,.630,1.7,2.6,.640,3.3,6.5,9.9,3.5,1.1,0.7,2.1,2.8,10.7,,harteis01
191,Sam Hauser,28,BOS,PF,50,22,24.1,3.1,7.6,.408,2.6,6.6,.388,0.6,1.0,.538,.576,0.2,0.2,.917,0.7,3.1,3.8,1.4,0.6,0.3,0.5,1.5,9.0,,hausesa01
192,Jordan Hawkins,23,NOP,SG,36,0,13.8,1.6,4.8,.326,0.8,2.7,.313,0.7,2.1,.342,.413,0.4,0.5,.778,0.4,1.3,1.7,0.8,0.2,0.2,0.6,0.6,4.3,,hawkijo01
193,Jaxson Hayes,25,LAL,C,43,5,17.3,2.7,3.5,.767,0.0,0.0,1.000,2.7,3.5,.765,.770,1.2,1.8,.641,1.4,2.4,3.8,0.8,0.4,0.6,0.5,2.0,6.5,,hayesja02
194,Nigel Hayes-Davis,31,PHO,SF,27,0,7.2,0.6,1.7,.326,0.1,0.6,.125,0.5,1.1,.433,.348,0.1,0.1,.500,0.4,0.8,1.2,0.3,0.3,0.1,0.3,0.6,1.3,,hayesni01
195,Scoot Henderson,21,POR,PG,2,0,20.5,3.0,7.5,.400,1.0,5.0,.200,2.0,2.5,.800,.467,4.5,6.0,.750,0.0,3.5,3.5,8.0,1.0,0.0,3.5,4.0,11.5,,hendesc01
196,Taylor Hendricks,22,2TM,PF,36,6,15.5,1.9,4.3,.438,0.8,2.3,.329,1.1,2.0,.563,.526,0.8,1.2,.667,0.9,2.3,3.2,0.8,0.5,0.2,0.6,1.3,5.3,,hendrta01
197,Chucky Hepburn,22,TOR,PG,2,0,6.5,0.0,3.0,.000,0.0,2.5,.000,0.0,0.5,.000,.000,0.0,0.0,,0.0,0.5,0.5,1.0,0.5,0.0,0.5,1.0,0.0,,hepbuch01
198,Tyler Herro,26,MIA,SG,11,10,31.7,8.2,16.5,.497,2.2,6.1,.358,6.0,10.4,.579,.564,3.4,3.7,.902,0.5,4.2,4.7,2.7,1.0,0.5,1.5,2.0,21.9,,herroty01
199,Buddy Hield,33,2TM,SG,45,3,17.2,2.9,6.7,.432,1.5,4.4,.342,1.4,2.3,.600,.543,0.6,0.8,.794,0.6,1.8,2.4,1.5,0.8,0.2,1.0,1.2,7.9,,hieldbu01
200,Aaron Holiday,29,HOU,PG,35,1,13.3,1.9,4.6,.404,1.2,3.1,.389,0.7,1.5,.434,.534,0.8,0.9,.848,0.2,0.7,0.9,1.0,0.5,0.1,0.6,1.3,5.7,,holidaa01
201,Jrue Holiday,35,POR,PG,25,23,28.0,5.5,12.4,.447,2.2,6.1,.362,3.3,6.3,.529,.536,1.6,2.0,.796,1.4,3.1,4.5,6.5,1.3,0.1,2.6,1.6,14.8,,holidjr01
202,Ron Holland,20,DET,SF,49,5,20.7,3.0,7.2,.413,0.6,2.7,.229,2.3,4.5,.523,.456,1.6,2.0,.788,1.1,3.3,4.3,1.4,1.4,0.4,1.3,2.2,8.1,,hollaro01
203,DaRon Holmes,23,DEN,PF,15,6,11.7,1.3,2.9,.442,0.9,2.3,.412,0.3,0.6,.556,.605,0.4,0.5,.750,0.3,1.3,1.6,1.0,0.0,0.3,0.3,1.1,3.9,,holmeda01
204,Chet Holmgren,23,OKC,PF,47,47,29.4,6.6,11.7,.564,1.3,3.6,.359,5.3,8.0,.656,.620,3.1,4.0,.774,1.9,6.9,8.7,1.6,0.5,2.0,1.6,2.5,17.6,,holmgch01
205,Al Horford,39,GSW,C,33,5,20.5,2.8,6.6,.429,1.5,4.3,.348,1.3,2.3,.579,.541,0.5,0.6,.895,1.0,3.9,4.9,2.4,0.8,1.1,1.0,1.2,7.6,,horfoal01
206,Caleb Houstan,23,ATL,SF,10,0,4.9,0.7,1.5,.467,0.6,1.2,.500,0.1,0.3,.333,.667,0.3,0.3,1.000,0.4,0.1,0.5,0.2,0.1,0.1,0.4,0.6,2.3,,houstca01
207,Jett Howard,22,ORL,SF,33,0,10.4,1.6,4.1,.390,0.9,2.6,.337,0.7,1.5,.480,.496,0.6,0.7,.913,0.3,0.9,1.3,0.8,0.2,0.1,0.2,0.9,4.7,,howarje01
208,Kevin Huerter,27,2TM,SF,47,11,22.6,4.0,8.8,.454,1.5,4.9,.306,2.5,3.9,.638,.539,0.9,1.2,.732,0.5,3.2,3.7,2.5,0.8,0.6,1.1,1.9,10.4,,huertke01
209,Jay Huff,27,IND,C,53,30,19.8,3.2,6.7,.468,1.4,4.3,.323,1.8,2.4,.727,.571,0.9,1.1,.839,1.0,2.9,3.8,1.3,0.5,1.9,0.8,2.4,8.6,,huffja01
210,Ariel Hukporti,23,NYK,C,37,4,8.9,0.7,1.3,.542,0.0,0.1,.250,0.7,1.2,.568,.552,0.5,0.7,.720,1.0,1.9,2.9,0.5,0.1,0.5,0.5,1.3,1.9,,hukpoar01
211,De'Andre Hunter,28,2TM,SF,45,25,26.1,4.6,11.1,.415,1.7,5.5,.305,3.0,5.7,.522,.490,2.8,3.2,.867,0.7,3.4,4.1,2.0,0.7,0.1,1.7,2.5,13.7,,huntede01
212,Bones Hyland,25,MIN,PG,46,3,14.9,2.7,5.7,.469,1.3,3.5,.385,1.3,2.2,.604,.588,0.7,1.0,.711,0.3,1.4,1.7,2.6,0.6,0.2,0.9,1.7,7.4,,hylanbo01
213,Oso Ighodaro,23,PHO,PF,53,7,20.0,2.4,3.8,.618,0.0,0.0,.000,2.4,3.8,.621,.618,0.7,1.3,.493,1.4,3.0,4.5,1.8,0.9,0.6,1.3,2.5,5.4,,ighodos01
214,Joe Ingles,38,MIN,SF,18,0,4.0,0.2,0.4,.375,0.1,0.3,.333,0.1,0.1,.500,.500,0.1,0.1,1.000,0.0,0.3,0.3,0.8,0.4,0.0,0.3,0.3,0.6,,inglejo01
215,Brandon Ingram,28,TOR,SF,52,52,34.0,8.2,17.3,.472,1.8,5.0,.364,6.3,12.3,.516,.524,3.8,4.6,.835,0.8,5.0,5.8,3.7,0.8,0.8,2.5,1.9,22.0,,ingrabr01
216,Harrison Ingram,23,SAS,SF,4,0,3.3,0.8,1.0,.750,0.3,0.3,1.000,0.5,0.8,.667,.875,0.0,0.0,,0.8,0.0,0.8,0.0,0.0,0.0,0.0,0.5,1.8,,ingraha01
217,Jonathan Isaac,28,ORL,PF,44,0,10.0,0.9,2.1,.436,0.2,0.8,.194,0.8,1.3,.586,.473,0.7,1.1,.640,0.8,1.8,2.5,0.4,0.4,0.6,0.4,0.8,2.8,,isaacjo01
218,Jaden Ivey,23,2TM,SG,36,5,17.8,3.1,6.9,.445,1.4,3.6,.380,1.7,3.3,.517,.545,1.0,1.3,.804,0.7,1.8,2.4,1.8,0.6,0.4,1.1,1.4,8.5,,iveyja01
219,Andre Jackson Jr.,24,MIL,SG,25,0,6.5,0.4,1.8,.250,0.2,1.0,.192,0.2,0.7,.333,.307,0.4,0.4,.900,0.3,0.5,0.8,1.0,0.2,0.1,0.3,1.0,1.4,,jacksan01
220,GG Jackson II,21,MEM,PF,32,7,18.4,3.3,6.8,.481,0.9,3.0,.313,2.3,3.8,.617,.551,1.2,1.6,.725,0.5,3.0,3.6,1.2,0.7,0.6,1.0,1.7,8.6,,jacksgg01
221,Isaiah Jackson,24,IND,C,38,14,16.8,2.5,4.3,.582,0.0,0.0,.000,2.5,4.3,.585,.582,1.3,1.9,.689,2.3,3.3,5.6,0.8,0.7,0.8,1.1,2.8,6.4,,jacksis01
222,Jaren Jackson Jr.,26,2TM,C,47,47,30.5,7.1,15.0,.473,1.8,4.9,.358,5.3,10.1,.530,.532,3.3,4.2,.801,0.9,4.8,5.7,2.0,1.1,1.4,2.2,3.8,19.3,,jacksja02
223,Quenton Jackson,27,IND,PG,24,9,15.3,2.6,5.5,.473,0.8,2.1,.380,1.8,3.4,.531,.546,1.9,2.5,.763,0.5,1.3,1.8,1.8,0.7,0.2,1.1,1.6,7.8,,jacksqu01
224,Trayce Jackson-Davis,25,2TM,C,37,1,11.5,1.7,2.9,.585,0.0,0.0,1.000,1.6,2.8,.581,.590,0.9,1.7,.565,1.5,1.8,3.3,0.9,0.4,0.5,0.5,1.1,4.3,,jackstr02
225,Kasparas Jakučionis,19,MIA,PG,28,8,16.7,1.7,4.3,.397,1.3,2.8,.468,0.4,1.6,.273,.545,0.7,0.8,.870,0.9,1.5,2.4,2.4,0.7,0.1,0.9,2.0,5.4,,jakucka01
226,Bronny James,21,LAL,SG,27,1,6.8,0.7,1.8,.388,0.3,0.9,.375,0.4,0.9,.400,.480,0.1,0.2,.800,0.1,0.3,0.4,1.1,0.4,0.0,0.4,0.5,1.9,,jamesbr02
227,LeBron James,41,LAL,SF,35,35,33.3,8.1,16.2,.502,1.4,4.6,.306,6.7,11.7,.578,.545,4.1,5.5,.742,0.7,5.0,5.7,6.9,1.1,0.6,3.1,1.4,21.8,,jamesle01
228,Sion James,23,CHO,SG,54,18,24.0,1.7,4.6,.378,1.0,2.7,.363,0.8,1.9,.398,.484,1.2,1.4,.855,0.6,2.9,3.4,1.9,0.6,0.3,0.9,1.8,5.7,,jamessi01
229,Jaime Jaquez Jr.,24,MIA,SF,50,1,28.8,6.1,12.0,.507,0.5,1.9,.278,5.5,10.1,.551,.529,2.4,3.2,.748,1.3,4.0,5.4,4.7,0.8,0.3,2.3,2.0,15.1,,jaqueja01
230,Trey Jemison,26,NYK,C,10,0,5.7,0.4,0.7,.571,0.0,0.0,,0.4,0.7,.571,.571,0.1,0.1,1.000,0.7,0.8,1.5,0.2,0.1,0.2,0.5,0.7,0.9,,jemistr01
231,Daniss Jenkins,24,DET,PG,43,7,16.9,2.9,6.7,.428,1.0,2.6,.384,1.9,4.1,.455,.502,1.3,1.6,.800,0.6,1.3,1.9,3.2,0.9,0.2,1.3,1.4,8.1,,jenkida01
232,Ty Jerome,28,MEM,SG,5,5,20.0,6.8,12.0,.567,2.2,5.6,.393,4.6,6.4,.719,.658,4.0,4.8,.833,0.6,1.8,2.4,5.8,1.2,0.2,2.0,2.2,19.8,,jeromty01
233,Isaiah Joe,26,OKC,SG,45,2,21.0,3.2,7.2,.436,2.3,5.7,.403,0.8,1.5,.559,.595,1.5,1.7,.885,0.5,2.0,2.5,1.4,0.6,0.2,0.6,1.8,10.2,,joeis01
234,AJ Johnson,21,2TM,SG,26,0,8.5,1.0,3.3,.310,0.3,1.0,.259,0.8,2.3,.333,.351,0.3,0.5,.750,0.3,0.9,1.2,0.9,0.3,0.0,0.7,0.6,2.7,,johnsaj01
235,Cameron Johnson,29,DEN,SF,30,30,30.5,4.1,8.6,.475,1.9,4.4,.439,2.2,4.2,.512,.587,1.6,1.9,.810,0.7,2.9,3.6,2.3,0.7,0.3,0.9,2.3,11.7,,johnsca02
236,Jalen Johnson,24,ATL,SF,49,49,35.7,8.7,17.3,.502,1.7,4.7,.355,7.0,12.6,.558,.551,4.3,5.6,.777,1.6,9.0,10.6,8.2,1.3,0.5,3.4,2.2,23.4,,johnsja05
237,Keldon Johnson,26,SAS,SF,52,0,23.8,5.1,9.3,.552,1.2,3.1,.389,3.9,6.2,.634,.617,2.1,2.6,.787,1.8,4.1,5.9,1.4,0.7,0.2,1.0,2.0,13.5,,johnske04
238,Keshad Johnson,24,MIA,SF,21,0,7.6,1.1,2.7,.404,0.3,1.1,.304,0.8,1.6,.471,.465,0.6,0.8,.765,0.7,1.1,1.9,0.1,0.2,0.2,0.4,0.8,3.1,,johnske10
239,Tre Johnson,19,WAS,SG,39,21,25.1,4.7,10.5,.444,2.2,5.5,.393,2.5,5.0,.500,.546,1.5,1.6,.891,0.5,2.2,2.7,2.2,0.6,0.3,1.4,1.8,12.9,,johnstr03
240,Nikola Jokić,30,DEN,C,38,38,34.3,10.1,17.1,.593,2.0,4.8,.420,8.1,12.3,.660,.652,6.5,7.7,.846,3.1,9.2,12.2,10.7,1.4,0.8,3.6,2.7,28.8,,jokicni01
241,Colby Jones,23,DET,SG,1,0,7.0,1.0,3.0,.333,0.0,2.0,.000,1.0,1.0,1.000,.333,0.0,0.0,,0.0,4.0,4.0,2.0,0.0,0.0,0.0,1.0,2.0,,jonesco02
242,Curtis Jones,24,DEN,SG,6,0,5.2,0.7,2.3,.286,0.2,1.5,.111,0.5,0.8,.600,.321,0.0,0.0,,0.2,0.7,0.8,0.5,0.0,0.0,0.2,0.5,1.5,,jonescu01
243,Derrick Jones Jr.,28,LAC,SF,20,15,24.5,3.7,6.7,.556,1.2,3.0,.400,2.5,3.7,.685,.647,1.5,1.9,.763,0.9,1.9,2.7,1.2,0.9,1.0,0.8,2.1,10.1,,jonesde02
244,Dillon Jones,24,NYK,SF,3,0,4.7,0.3,1.0,.333,0.3,0.7,.500,0.0,0.3,.000,.500,0.0,0.0,,0.3,0.7,1.0,0.3,0.3,0.0,0.0,0.7,1.0,,jonesdi01
245,David Jones García,24,SAS,SF,11,0,6.2,1.2,2.3,.520,0.3,0.5,.600,0.9,1.8,.500,.580,0.3,0.5,.500,0.4,0.8,1.2,1.6,0.5,0.1,0.5,0.5,2.9,,jonesda06
246,Herbert Jones,27,NOP,SF,32,32,28.6,3.3,8.5,.390,1.3,4.4,.305,2.0,4.1,.481,.469,1.0,1.3,.775,0.9,2.6,3.6,2.7,1.6,0.5,1.3,3.2,8.9,,joneshe01
247,Isaac Jones,25,2TM,PF,4,1,4.5,0.5,1.0,.500,0.0,0.5,.000,0.5,0.5,1.000,.500,0.3,0.5,.500,0.5,0.0,0.5,0.3,0.0,0.0,0.0,1.0,1.3,,jonesis01
248,Kam Jones,23,IND,SG,16,1,10.1,1.1,2.8,.409,0.3,1.1,.222,0.9,1.6,.538,.455,0.1,0.3,.500,0.3,0.7,1.0,1.3,0.3,0.0,0.3,0.5,2.6,,joneska03
249,Spencer Jones,24,DEN,SF,46,34,23.6,2.2,4.3,.505,1.0,2.5,.414,1.1,1.7,.638,.628,0.6,1.0,.622,1.1,2.0,3.1,0.8,0.9,0.4,0.6,2.8,6.0,,jonessp01
250,Tre Jones,26,CHI,PG,38,20,26.8,4.4,7.9,.550,0.6,1.7,.328,3.8,6.3,.609,.584,3.1,3.6,.848,0.6,2.3,3.0,5.8,1.3,0.2,1.4,1.4,12.4,,jonestr01
251,Tyus Jones,29,2TM,PG,49,8,15.7,1.1,3.3,.346,0.6,2.1,.288,0.5,1.2,.448,.438,0.1,0.1,1.000,0.2,0.9,1.1,2.5,0.7,0.1,0.3,0.5,3.0,,jonesty01
252,DeAndre Jordan,37,NOP,C,2,1,11.5,2.0,2.5,.800,0.0,0.0,,2.0,2.5,.800,.800,0.5,1.0,.500,2.0,3.0,5.0,0.0,0.0,0.0,0.5,0.5,4.5,,jordade01
253,Nikola Jović,22,MIA,PF,43,1,17.9,2.6,7.0,.365,1.0,3.7,.269,1.6,3.3,.475,.437,1.6,2.3,.691,0.6,2.9,3.5,2.3,0.6,0.4,1.5,1.4,7.7,,jovicni01
254,Johnny Juzang,24,MIN,SG,21,0,4.2,0.8,1.8,.421,0.3,1.1,.250,0.5,0.7,.714,.500,0.2,0.4,.625,0.2,0.6,0.8,0.3,0.1,0.0,0.2,0.1,2.0,,juzanjo01
255,Ryan Kalkbrenner,24,CHO,C,42,26,22.9,3.5,4.7,.755,0.0,0.0,.000,3.5,4.6,.763,.755,1.3,1.9,.679,2.4,3.5,6.0,0.6,0.6,1.5,1.0,1.6,8.3,,kalkbry01
256,Yuki Kawamura,24,CHI,PG,4,0,19.0,1.3,4.3,.294,1.0,3.3,.308,0.3,1.0,.250,.412,1.5,1.5,1.000,0.8,3.3,4.0,5.5,1.3,0.0,1.0,1.0,5.0,,kawamyu01
257,Miles Kelly,23,DAL,PG,12,0,8.5,1.1,2.8,.394,0.7,2.2,.308,0.4,0.6,.714,.515,0.0,0.0,,0.3,1.3,1.6,0.7,0.3,0.0,0.3,0.9,2.8,,kellymi02
258,Luke Kennard,29,2TM,SG,48,0,20.7,2.8,5.3,.540,1.6,3.2,.497,1.2,2.0,.608,.692,0.7,0.7,.914,0.4,1.7,2.1,2.1,0.7,0.1,0.7,1.2,7.9,,kennalu01
259,Walker Kessler,24,UTA,C,5,5,30.8,5.2,7.4,.703,1.2,1.6,.750,4.0,5.8,.690,.784,2.8,4.0,.700,4.6,6.2,10.8,3.0,1.4,1.8,3.2,4.4,14.4,,kesslwa01
260,Corey Kispert,26,2TM,SF,34,8,20.3,3.4,7.2,.469,1.6,4.3,.367,1.8,2.9,.622,.580,1.4,1.8,.817,0.4,2.0,2.4,1.7,0.4,0.1,0.9,1.1,9.8,,kispeco01
261,Maxi Kleber,34,LAL,PF,27,1,11.4,0.7,1.8,.396,0.1,0.7,.222,0.6,1.1,.500,.438,0.5,0.7,.722,0.8,1.1,1.9,0.7,0.4,0.2,0.3,1.4,2.0,,klebima01
262,Bobi Klintman,22,DET,SF,8,0,7.5,0.9,2.8,.318,0.4,1.4,.273,0.5,1.4,.364,.386,0.0,0.4,.000,0.6,1.5,2.1,0.5,0.3,0.0,0.6,1.3,2.1,,klintbo01
263,Dalton Knecht,24,LAL,SF,41,1,11.5,1.8,4.0,.444,0.7,2.3,.313,1.0,1.6,.636,.537,0.3,0.4,.722,0.3,1.1,1.4,0.3,0.2,0.2,0.4,0.9,4.6,,knechda01
264,Kon Knueppel,20,CHO,SF,53,52,32.2,6.5,13.4,.485,3.4,7.9,.428,3.1,5.5,.567,.611,2.5,2.8,.899,1.2,4.3,5.5,3.5,0.7,0.2,2.2,2.1,18.9,,knuepko01
265,Tyler Kolek,24,NYK,PG,46,1,13.6,2.0,4.7,.426,0.8,2.1,.365,1.2,2.6,.475,.507,0.3,0.4,.667,0.3,1.6,1.9,3.0,0.4,0.1,1.1,1.3,5.0,,kolekty01
266,Christian Koloko,25,3TM,C,20,4,15.3,1.3,3.0,.433,0.1,0.3,.200,1.3,2.8,.455,.442,0.2,0.3,.500,1.3,2.0,3.3,0.7,0.6,1.0,0.6,2.1,2.8,,kolokch01
267,Yanic Konan Niederhäuser,22,LAC,C,32,0,8.8,1.5,2.1,.701,0.0,0.1,.000,1.5,2.0,.734,.701,0.9,1.3,.683,0.8,1.5,2.3,0.3,0.1,0.5,0.6,1.4,3.8,,konanya01
268,John Konchar,29,2TM,SG,32,1,14.7,1.2,2.4,.506,0.4,1.3,.310,0.8,1.1,.743,.591,0.3,0.4,.615,0.7,2.4,3.1,1.4,1.0,0.4,0.5,1.1,3.1,,konchjo01
269,Luke Kornet,30,SAS,C,42,22,23.4,3.0,4.5,.649,0.0,0.0,,3.0,4.5,.649,.649,1.5,2.0,.793,3.1,3.7,6.8,2.0,0.5,1.2,0.5,1.9,7.5,,kornelu01
270,Vit Krejci,25,2TM,PG,50,8,22.3,3.1,6.7,.457,2.1,5.2,.410,0.9,1.5,.618,.616,0.6,0.8,.769,0.4,1.6,2.0,1.5,0.8,0.3,0.6,2.3,8.9,,krejcvi01
271,Jonathan Kuminga,23,GSW,PF,20,13,23.8,4.4,9.7,.454,0.9,2.7,.321,3.6,7.1,.504,.497,2.5,3.3,.742,1.5,4.4,5.9,2.5,0.4,0.3,2.3,1.7,12.1,,kuminjo01
272,Kyle Kuzma,30,MIL,PF,48,24,26.7,4.9,9.9,.491,1.0,2.9,.331,3.9,7.0,.557,.539,2.2,3.0,.722,0.9,4.0,5.0,2.6,0.6,0.4,1.6,2.1,12.8,,kuzmaky01
273,Skal Labissière,29,WAS,PF,3,0,12.7,2.0,3.3,.600,0.3,1.7,.200,1.7,1.7,1.000,.650,0.0,0.0,,1.0,2.0,3.0,1.0,0.7,0.3,0.3,1.0,4.3,,labissk01
274,Jock Landale,30,2TM,C,48,26,23.5,4.5,8.6,.526,1.2,2.9,.400,3.3,5.6,.590,.594,1.3,2.0,.674,3.1,3.3,6.4,1.7,0.5,0.5,1.0,2.2,11.5,,landajo01
275,Chaz Lanier,24,DET,SG,19,0,8.8,1.1,2.9,.382,0.8,2.3,.341,0.3,0.6,.545,.518,0.3,0.3,1.000,0.4,0.6,1.0,0.7,0.3,0.0,0.1,0.4,3.3,,laniech01
276,Jake LaRavia,24,LAL,PF,52,31,27.0,3.3,7.3,.462,1.1,3.5,.321,2.2,3.7,.596,.540,1.6,2.1,.755,1.4,2.7,4.1,1.9,1.4,0.5,1.2,2.2,9.4,,laravja01
277,Pelle Larsson,24,MIA,SG,45,32,23.9,3.7,7.4,.495,0.9,2.8,.333,2.7,4.6,.594,.559,2.0,2.6,.767,0.8,2.5,3.3,3.3,0.6,0.2,1.1,1.8,10.2,,larsspe01
278,Zach LaVine,30,SAC,SG,39,37,31.4,6.7,14.0,.479,2.5,6.5,.390,4.2,7.5,.556,.569,3.2,3.6,.880,0.2,2.6,2.8,2.3,0.7,0.3,1.9,2.1,19.2,,lavinza01
279,A.J. Lawson,25,TOR,SG,13,0,8.4,1.2,3.2,.390,0.6,1.7,.364,0.6,1.5,.421,.488,0.7,0.7,1.000,0.5,1.2,1.8,0.2,0.3,0.2,0.3,1.2,3.8,,lawsoaj01
280,Kawhi Leonard,34,LAC,SF,39,39,32.8,9.8,19.7,.495,2.7,7.1,.389,7.0,12.7,.555,.565,5.7,6.3,.914,1.0,5.3,6.3,3.7,2.1,0.5,2.1,1.3,28.0,,leonaka01
281,Malevy Leons,26,GSW,SF,5,0,4.2,0.4,1.2,.333,0.0,0.4,.000,0.4,0.8,.500,.333,0.4,0.4,1.000,0.4,1.4,1.8,0.2,0.2,0.2,0.4,0.2,1.2,,leonsma01
282,Caris LeVert,31,DET,SG,35,0,19.7,2.8,6.5,.434,1.0,3.1,.327,1.8,3.3,.534,.513,1.1,1.6,.679,0.3,1.5,1.8,2.9,0.9,0.7,1.3,1.5,7.7,,leverca01
283,E.J. Liddell,25,BRK,PF,10,0,4.9,0.8,1.7,.471,0.4,1.1,.364,0.4,0.6,.667,.588,0.2,0.3,.667,0.3,0.8,1.1,0.0,0.1,0.0,0.0,0.4,2.2,,liddeej01
284,Dereck Lively II,21,DAL,C,7,4,16.4,1.6,2.6,.611,0.0,0.0,,1.6,2.6,.611,.611,1.1,1.4,.800,2.0,3.3,5.3,1.9,0.6,1.6,1.4,3.0,4.3,,livelde01
285,Isaiah Livers,27,PHO,PF,29,0,10.1,0.8,1.8,.423,0.4,1.2,.343,0.3,0.6,.588,.538,0.2,0.3,.700,0.6,1.3,1.9,0.7,0.4,0.3,0.4,0.9,2.2,,liveris01
286,Chris Livingston,22,CLE,SF,3,0,5.7,1.3,2.3,.571,0.0,1.0,.000,1.3,1.3,1.000,.571,0.3,0.3,1.000,0.0,1.0,1.0,0.3,0.3,0.0,0.0,1.3,3.0,,livinch01
287,Kevon Looney,29,NOP,C,17,6,13.9,1.2,2.8,.426,0.1,0.5,.111,1.1,2.2,.500,.436,0.3,0.5,.625,2.3,2.8,5.1,1.5,0.4,0.5,0.5,1.8,2.7,,looneke01
288,Brook Lopez,37,LAC,C,45,10,18.0,2.3,6.0,.375,1.4,4.2,.344,0.8,1.8,.446,.494,0.6,0.8,.853,0.4,2.3,2.7,1.0,0.5,1.0,0.8,1.7,6.6,,lopezbr01
289,Caleb Love,24,POR,SG,44,1,22.4,4.2,10.8,.391,2.0,6.4,.319,2.2,4.3,.497,.486,0.8,1.1,.735,0.6,2.0,2.6,2.7,0.6,0.1,1.4,1.1,11.3,,loveca01
290,Kevin Love,37,UTA,PF,28,5,17.3,2.3,5.6,.399,1.4,3.9,.364,0.8,1.7,.479,.525,1.1,1.3,.838,1.7,4.1,5.8,1.8,0.3,0.3,0.8,1.7,7.0,,loveke01
291,Kyle Lowry,39,PHI,PG,7,0,9.0,0.4,1.4,.300,0.4,1.4,.300,0.0,0.0,,.450,0.4,0.6,.750,0.0,0.6,0.6,1.1,0.3,0.1,0.3,0.4,1.7,,lowryky01
292,Khaman Maluach,19,PHO,C,22,0,4.3,0.4,0.9,.400,0.0,0.2,.000,0.4,0.7,.533,.400,0.4,0.5,.900,0.3,0.6,0.9,0.1,0.0,0.4,0.5,0.8,1.1,,maluakh01
293,Sandro Mamukelashvili,26,TOR,C,52,11,22.7,4.3,8.1,.530,1.4,3.7,.389,2.8,4.4,.646,.618,1.5,2.0,.760,1.5,3.5,5.0,2.0,0.8,0.6,0.9,2.0,11.5,,mamuksa01
294,Terance Mann,29,BRK,SG,45,41,25.3,2.8,6.2,.455,0.9,2.5,.348,1.9,3.7,.527,.525,1.2,1.4,.813,1.2,2.1,3.3,3.5,0.8,0.2,1.2,2.5,7.6,,mannte01
295,Tre Mann,24,CHO,PG,33,1,16.0,2.7,7.4,.363,1.3,3.9,.328,1.4,3.5,.402,.449,0.5,0.6,.857,0.6,1.8,2.4,2.2,0.5,0.1,1.4,1.7,7.2,,manntr01
296,Chris Mañon,24,LAL,SG,4,0,3.5,0.0,0.3,.000,0.0,0.3,.000,0.0,0.0,,.000,0.0,0.0,,0.3,0.5,0.8,0.0,0.3,0.5,0.0,0.8,0.0,,manonch01
297,Lauri Markkanen,28,UTA,PF,40,40,34.8,9.2,19.2,.478,2.8,7.8,.365,6.4,11.5,.555,.551,5.7,6.4,.891,2.0,5.0,7.0,2.1,1.0,0.5,1.5,1.9,26.9,,markkla01
298,Naji Marshall,28,DAL,SF,51,28,29.5,5.4,10.2,.525,0.9,2.9,.309,4.5,7.3,.611,.569,3.0,3.9,.782,0.9,4.1,5.0,3.0,1.0,0.1,1.4,2.0,14.7,,marshna01
299,Alijah Martin,24,TOR,SG,12,0,7.8,0.8,2.5,.333,0.2,1.0,.167,0.7,1.5,.444,.367,0.8,1.0,.833,0.5,0.6,1.1,0.7,0.5,0.3,0.3,0.8,2.7,,martial01
300,Caleb Martin,30,DAL,SF,45,10,14.1,1.4,3.0,.445,0.3,0.8,.368,1.0,2.2,.475,.496,0.4,0.7,.606,0.5,2.0,2.5,1.6,0.7,0.2,0.7,1.5,3.5,,martica02
301,Cody Martin,30,IND,SF,4,0,13.8,0.5,2.5,.200,0.0,1.3,.000,0.5,1.3,.400,.200,0.8,1.5,.500,0.3,3.3,3.5,0.5,1.0,0.5,1.0,1.3,1.8,,martico01
302,Tyrese Martin,26,BRK,SG,37,6,18.8,2.7,6.9,.392,1.4,4.1,.336,1.3,2.8,.476,.492,0.5,0.7,.731,0.9,2.0,2.9,1.9,0.6,0.1,0.9,0.8,7.3,,martity01
303,Jahmai Mashack,23,MEM,SG,11,1,10.9,1.5,3.2,.457,0.5,1.6,.333,0.9,1.5,.588,.543,0.0,0.0,,0.3,0.9,1.2,0.9,1.4,0.0,0.8,1.0,3.5,,mashaja01
304,Garrison Mathews,29,IND,SG,15,1,13.1,1.4,3.5,.404,1.1,3.1,.370,0.3,0.4,.667,.567,1.3,1.5,.826,0.1,1.0,1.1,0.7,0.4,0.2,0.2,1.3,5.2,,mathega01
305,Bennedict Mathurin,23,IND,SF,28,24,31.8,5.5,12.8,.433,2.1,5.6,.372,3.5,7.2,.480,.514,4.6,5.2,.884,0.8,4.6,5.4,2.3,0.6,0.1,2.3,2.7,17.8,,mathube01
306,Karlo Matković,24,NOP,PF,42,2,12.9,2.1,3.5,.600,0.5,1.2,.423,1.5,2.2,.699,.676,0.2,0.4,.588,0.8,2.4,3.2,0.7,0.4,0.7,0.5,1.5,4.9,,matkoka01
307,Tyrese Maxey,25,PHI,PG,51,51,38.7,10.1,21.5,.470,3.4,8.8,.379,6.7,12.6,.533,.548,5.3,5.9,.891,0.3,3.9,4.2,6.8,2.0,0.8,2.5,2.2,28.8,,maxeyty01
308,Miles McBride,25,NYK,SG,35,14,28.0,4.5,10.3,.434,2.9,6.9,.420,1.6,3.4,.462,.575,1.0,1.2,.814,0.6,2.0,2.6,2.8,0.9,0.2,0.8,1.8,12.9,,mcbrimi01
309,Jared McCain,21,2TM,SG,39,1,16.6,2.4,6.2,.387,1.2,3.2,.379,1.2,3.1,.395,.484,0.6,0.6,.880,0.2,1.8,2.1,1.6,0.6,0.1,0.8,1.2,6.6,,mccaija01
310,Mac McClung,27,2TM,SG,4,0,11.8,2.3,6.3,.360,0.5,3.0,.167,1.8,3.3,.538,.400,0.8,1.0,.750,0.0,1.3,1.3,0.5,1.3,0.5,0.8,2.0,5.8,,mccluma01
311,CJ McCollum,34,2TM,PG,50,37,30.1,7.0,15.2,.457,2.6,6.8,.388,4.3,8.5,.513,.543,2.3,2.9,.774,0.7,2.7,3.4,3.5,0.8,0.4,1.7,1.9,18.8,,mccolcj01
312,T.J. McConnell,33,IND,PG,39,0,17.0,4.4,8.2,.536,0.3,1.0,.316,4.1,7.3,.565,.555,0.4,0.4,.933,0.4,1.8,2.2,4.8,1.2,0.2,1.2,1.2,9.5,,mccontj01
313,Kevin McCullar Jr.,24,NYK,SF,15,0,7.5,0.7,1.9,.379,0.4,1.1,.375,0.3,0.9,.385,.483,0.1,0.3,.400,0.5,1.0,1.5,1.3,0.3,0.0,0.7,1.2,2.0,,mcculke01
314,Jaden McDaniels,25,MIN,PF,53,53,32.1,5.6,10.9,.518,1.5,3.4,.450,4.1,7.5,.549,.588,2.1,2.4,.845,1.1,3.1,4.2,2.8,0.9,1.0,1.7,3.3,14.9,,mcdanja02
315,Doug McDermott,34,SAC,SF,10,0,9.2,1.0,2.9,.345,1.0,2.9,.345,0.0,0.0,,.517,0.0,0.0,,0.1,0.7,0.8,0.3,0.0,0.1,0.5,0.7,3.0,,mcderdo01
316,Bryce McGowens,23,NOP,SG,31,11,19.8,2.6,5.4,.482,0.9,2.0,.459,1.7,3.4,.495,.566,1.7,2.2,.754,0.3,1.6,2.0,1.5,0.6,0.2,0.5,2.0,7.7,,mcgowbr01
317,Jordan McLaughlin,29,SAS,PG,24,0,5.8,0.7,1.8,.405,0.4,0.9,.409,0.3,0.8,.400,.512,0.2,0.2,.800,0.2,0.5,0.7,0.7,0.5,0.0,0.3,0.3,2.0,,mclaujo01
318,Liam McNeeley,20,CHO,SF,28,0,12.2,1.2,3.1,.386,0.8,2.1,.379,0.4,1.1,.400,.511,0.9,1.1,.806,0.4,1.8,2.1,0.8,0.2,0.1,0.4,1.3,4.1,,mcneeli01
319,De'Anthony Melton,27,GSW,PG,27,3,21.6,4.1,10.0,.413,1.3,4.7,.270,2.9,5.3,.538,.476,2.0,2.4,.818,0.6,2.2,2.8,2.2,1.6,0.4,1.7,2.2,11.5,,meltode01
320,Sam Merrill,29,CLE,SG,30,21,25.4,4.2,9.1,.465,3.3,7.4,.452,0.9,1.7,.519,.648,1.2,1.3,.875,0.7,1.5,2.2,2.3,0.6,0.1,0.9,2.7,13.0,,merrisa01
321,Khris Middleton,34,WAS,SF,34,34,24.3,3.8,8.8,.433,1.0,2.9,.333,2.9,5.9,.483,.488,1.7,2.0,.841,0.9,3.1,3.9,3.3,0.8,0.3,1.7,2.5,10.3,,middlkh01
322,Brandon Miller,23,CHO,SF,37,37,30.3,7.0,16.5,.426,2.9,8.0,.366,4.1,8.5,.483,.515,3.4,3.8,.887,1.1,3.5,4.6,3.3,1.1,0.9,2.7,2.7,20.4,,millebr02
323,Emanuel Miller,25,CHI,PF,5,0,6.6,1.2,2.6,.462,0.4,1.2,.333,0.8,1.4,.571,.538,0.2,0.4,.500,0.2,0.4,0.6,0.8,0.4,0.0,0.0,0.4,3.0,,milleem01
324,Jordan Miller,26,LAC,SF,31,0,19.9,3.2,6.2,.518,0.7,2.1,.354,2.5,4.1,.603,.579,2.2,2.7,.807,0.9,2.3,3.2,1.7,0.7,0.2,1.1,1.0,9.3,,millejo02
325,Leonard Miller,22,2TM,SF,20,0,4.9,0.9,1.7,.545,0.1,0.6,.083,0.9,1.1,.810,.561,0.4,0.6,.636,0.4,0.9,1.3,0.3,0.3,0.0,0.5,0.6,2.2,,millele01
326,Riley Minix,25,SAS,SF,3,0,2.7,1.3,2.0,.667,0.3,1.0,.333,1.0,1.0,1.000,.750,0.0,0.0,,0.3,0.3,0.7,0.3,0.3,0.0,0.0,0.3,3.0,,minixri01
327,Josh Minott,23,BOS,PF,33,10,15.9,2.1,4.1,.507,1.0,2.3,.442,1.1,1.8,.593,.632,0.6,0.8,.769,1.2,2.4,3.6,1.0,0.7,0.4,0.6,1.5,5.8,,minotjo01
328,Yves Missi,21,NOP,C,47,7,19.3,2.4,4.5,.538,0.0,0.0,.000,2.4,4.4,.541,.538,0.8,1.4,.569,2.9,2.7,5.6,1.2,0.3,1.4,0.8,1.7,5.6,,missiyv01
329,Ajay Mitchell,23,OKC,SG,43,9,26.3,5.2,10.6,.487,1.1,3.2,.350,4.0,7.4,.545,.539,2.7,3.0,.870,0.7,2.8,3.5,3.7,1.4,0.3,1.6,2.2,14.1,,mitchaj01
330,Davion Mitchell,27,MIA,PG,45,45,28.9,3.6,7.5,.473,1.2,2.9,.405,2.4,4.6,.517,.552,0.8,1.1,.667,0.4,2.1,2.5,7.1,1.1,0.1,1.7,2.7,9.0,,mitchda01
331,Donovan Mitchell,29,CLE,SG,50,50,33.8,10.1,20.8,.485,3.7,9.7,.377,6.4,11.1,.579,.573,5.1,6.0,.850,0.8,3.7,4.5,5.9,1.5,0.3,3.1,2.4,29.0,,mitchdo01
332,Evan Mobley,24,CLE,PF,42,40,33.4,6.9,13.5,.512,1.1,3.8,.304,5.8,9.8,.593,.555,2.9,4.6,.635,2.3,6.5,8.8,4.0,0.9,2.0,2.1,2.5,17.9,,mobleev01
333,Jonathan Mogbo,24,TOR,PF,23,0,6.0,0.6,1.2,.500,0.0,0.0,,0.6,1.2,.500,.500,0.1,0.2,.400,0.5,1.1,1.6,0.4,0.2,0.2,0.3,0.6,1.3,,mogbojo01
334,Malik Monk,27,SAC,SG,43,0,22.2,4.4,10.1,.436,2.1,4.9,.426,2.3,5.3,.445,.538,1.5,1.7,.877,0.3,1.7,2.0,2.6,0.7,0.4,1.4,1.6,12.4,,monkma01
335,Moses Moody,23,GSW,SG,52,41,24.9,3.8,8.8,.435,2.4,5.9,.401,1.4,2.8,.507,.571,1.4,1.8,.774,0.8,2.4,3.3,1.5,1.0,0.6,0.9,1.9,11.4,,moodymo01
336,Wendell Moore Jr.,24,DET,SG,5,0,10.8,0.8,1.4,.571,0.0,0.2,.000,0.8,1.2,.667,.571,0.4,0.4,1.000,0.2,1.0,1.2,0.6,0.4,0.4,0.2,0.2,2.0,,moorewe01
337,Ja Morant,26,MEM,PG,20,20,28.5,6.6,16.1,.410,1.0,4.3,.235,5.6,11.9,.473,.441,5.3,5.9,.897,0.4,2.9,3.3,8.1,1.0,0.3,3.6,2.0,19.5,,moranja01
338,Monte Morris,30,IND,PG,6,0,10.8,1.2,3.3,.350,0.3,1.3,.250,0.8,2.0,.417,.400,0.3,0.7,.500,0.2,1.0,1.2,1.5,0.2,0.2,0.3,0.5,3.0,,morrimo01
339,Trey Murphy III,25,NOP,SF,51,51,35.8,7.8,16.3,.477,3.3,8.6,.380,4.5,7.8,.583,.576,3.3,3.7,.890,1.1,4.7,5.7,3.8,1.5,0.3,1.8,2.1,22.2,,murphtr02
340,Jamal Murray,28,DEN,PG,49,49,35.7,9.1,18.8,.486,3.2,7.5,.428,5.9,11.3,.525,.572,4.3,4.9,.883,0.4,3.9,4.3,7.6,1.0,0.4,2.3,1.6,25.8,,murraja01
341,Keegan Murray,25,SAC,PF,19,18,35.9,5.8,13.6,.429,1.3,4.8,.272,4.5,8.8,.515,.477,1.6,2.0,.789,1.6,4.5,6.1,1.5,1.2,1.6,1.2,1.9,14.6,,murrake02
342,Kris Murray,25,POR,SF,34,11,25.7,2.3,5.1,.446,0.6,2.3,.256,1.7,2.9,.598,.503,0.9,1.2,.738,1.8,2.2,4.0,1.2,1.2,0.4,0.9,2.0,6.1,,murrakr01
343,Collin Murray-Boyles,20,TOR,PF,43,19,22.2,3.3,6.0,.553,0.4,1.1,.348,2.9,4.9,.597,.584,0.9,1.4,.639,2.4,2.6,5.0,2.1,0.9,0.9,1.2,2.6,7.9,,murraco01
344,Svi Mykhailiuk,28,UTA,SF,44,41,24.0,3.3,7.0,.474,1.8,4.5,.387,1.6,2.5,.633,.599,0.5,0.6,.920,0.7,1.9,2.5,1.9,0.5,0.1,0.8,1.3,8.9,,mykhasv01
345,Larry Nance Jr.,33,CLE,PF,24,2,13.2,1.4,3.8,.378,0.6,2.0,.319,0.8,1.8,.442,.461,0.1,0.2,.600,0.9,1.7,2.6,1.0,0.6,0.2,0.5,1.9,3.6,,nancela02
346,Pete Nance,25,MIL,PF,21,0,10.4,2.0,3.3,.609,1.0,1.8,.526,1.0,1.5,.710,.754,0.0,0.0,,0.5,1.4,1.9,0.6,0.3,0.1,0.4,0.8,5.0,,nancepe01
347,Andrew Nembhard,26,IND,PG,42,42,32.0,6.0,13.8,.438,1.9,5.2,.359,4.1,8.5,.486,.506,3.3,4.1,.814,0.4,2.5,2.9,7.4,0.9,0.2,2.4,2.2,17.3,,nembhan01
348,Ryan Nembhard,22,DAL,PG,38,17,18.8,2.8,6.4,.429,0.9,2.3,.379,1.9,4.2,.456,.496,0.3,0.3,.769,0.2,1.6,1.8,4.9,0.3,0.0,1.4,1.4,6.7,,nembhry01
349,Aaron Nesmith,26,IND,SF,31,28,30.3,4.5,11.6,.389,2.4,6.5,.371,2.1,5.1,.411,.493,2.2,2.7,.810,1.3,3.4,4.6,2.2,0.7,0.5,1.4,2.6,13.6,,nesmiaa01
350,Asa Newell,20,ATL,PF,38,1,11.5,2.1,3.8,.541,0.7,1.8,.403,1.4,2.1,.658,.634,0.4,0.7,.560,1.0,1.1,2.1,0.5,0.4,0.3,0.6,1.6,5.2,,newelas01
351,Zeke Nnaji,25,DEN,PF,39,2,12.8,1.5,3.2,.488,0.3,1.0,.275,1.3,2.1,.590,.533,0.8,1.0,.825,0.7,2.0,2.8,0.5,0.3,0.5,0.5,1.3,4.2,,nnajize01
352,Jusuf Nurkić,31,UTA,C,40,35,26.4,4.4,8.8,.500,0.6,1.8,.357,3.8,7.1,.535,.536,1.6,2.8,.549,2.7,7.8,10.4,4.8,1.3,0.6,2.5,3.3,11.0,,nurkiju01
353,Royce O'Neale,32,PHO,SF,53,48,29.6,3.6,8.5,.424,2.8,6.8,.403,0.8,1.6,.512,.587,0.4,0.5,.679,0.7,4.2,4.9,2.9,1.2,0.3,1.5,2.2,10.3,,onealro01
354,Josh Okogie,27,HOU,SG,51,29,19.8,1.9,4.3,.438,0.9,2.4,.388,1.0,1.9,.500,.546,0.6,1.1,.600,1.2,1.6,2.9,0.9,0.9,0.2,0.7,1.6,5.3,,okogijo01
355,Onyeka Okongwu,25,ATL,C,49,38,32.0,6.0,12.5,.483,2.0,5.4,.375,4.0,7.0,.567,.565,2.1,2.8,.770,1.9,5.9,7.8,3.3,1.2,1.0,2.0,3.5,16.2,,okongon01
356,Isaac Okoro,25,CHI,SG,46,46,26.0,3.3,7.0,.466,1.0,3.2,.324,2.2,3.8,.586,.540,1.3,1.7,.789,1.1,1.6,2.7,1.5,0.7,0.5,0.7,2.5,8.9,,okorois01
357,Lachlan Olbrich,22,CHI,C,16,0,7.3,0.4,1.1,.353,0.1,0.4,.167,0.3,0.7,.455,.382,0.3,0.6,.400,0.7,1.6,2.3,0.8,0.1,0.1,0.3,1.4,1.1,,olbrila01
358,Kelly Olynyk,34,SAS,C,29,0,9.4,1.2,2.5,.466,0.3,1.3,.237,0.9,1.2,.714,.527,0.7,1.0,.667,0.6,1.3,1.9,1.2,0.4,0.0,0.6,1.2,3.3,,olynyke01
359,Kelly Oubre Jr.,30,PHI,SF,31,26,32.7,5.2,10.8,.478,1.9,4.9,.379,3.3,5.9,.560,.564,2.1,2.8,.756,0.9,3.7,4.6,1.5,1.3,0.6,1.3,2.5,14.3,,oubreke01
360,Chris Paul,40,LAC,PG,16,0,14.3,1.1,3.5,.321,0.6,1.9,.333,0.5,1.6,.308,.411,0.1,0.1,.500,0.4,1.4,1.8,3.3,0.7,0.0,1.0,1.4,2.9,,paulch01
361,Gary Payton II,33,GSW,SG,49,1,13.0,2.3,4.3,.541,0.4,1.2,.311,1.9,3.0,.635,.586,0.2,0.3,.571,1.2,2.0,3.2,1.5,0.6,0.3,0.9,1.6,5.2,,paytoga02
362,Micah Peavy,24,NOP,SG,46,1,15.1,1.8,4.8,.382,0.5,1.9,.239,1.4,2.9,.477,.430,0.2,0.3,.733,0.8,1.2,2.0,1.0,0.7,0.1,0.3,1.5,4.3,,peavymi01
363,Noah Penda,21,ORL,SF,37,2,13.9,1.8,4.2,.435,0.7,1.8,.385,1.1,2.4,.472,.516,0.7,1.1,.641,1.5,2.3,3.8,1.2,0.6,0.4,0.9,1.4,5.0,,pendano01
364,Taelon Peter,23,IND,SG,23,0,7.3,0.6,2.0,.298,0.5,1.9,.279,0.1,0.2,.500,.426,0.2,0.3,.667,0.3,0.8,1.0,0.9,0.3,0.1,0.4,0.4,1.9,,peterta01
365,Drew Peterson,26,CHO,PF,6,0,10.7,0.3,2.7,.125,0.0,2.0,.000,0.3,0.7,.500,.125,0.2,0.3,.500,0.5,1.0,1.5,0.3,0.5,0.2,0.0,0.5,0.8,,peterdr01
366,Julian Phillips,22,2TM,SF,36,2,9.4,1.1,2.5,.427,0.4,1.4,.327,0.6,1.1,.550,.517,0.3,0.3,.818,0.6,0.6,1.2,0.2,0.5,0.2,0.2,0.9,2.8,,phillju01
367,Jalen Pickett,26,DEN,SG,38,18,17.9,2.1,5.1,.417,1.0,2.8,.371,1.1,2.3,.471,.518,0.3,0.3,.909,0.5,2.2,2.7,2.6,0.3,0.1,0.7,1.0,5.5,,pickeja02
368,Scotty Pippen Jr.,25,MEM,PG,2,1,21.0,4.5,7.0,.643,1.0,1.5,.667,3.5,5.5,.636,.714,2.0,2.0,1.000,0.5,1.0,1.5,5.0,2.5,0.5,1.5,4.0,12.0,,pippesc02
369,Daeqwon Plowden,27,SAC,SG,6,1,21.2,2.2,6.0,.361,0.8,4.2,.200,1.3,1.8,.727,.431,0.3,0.3,1.000,1.8,1.0,2.8,1.2,0.2,0.2,0.5,1.8,5.5,,plowdda01
370,Mason Plumlee,35,CHO,C,14,2,8.9,0.6,0.9,.750,0.0,0.0,,0.6,0.9,.750,.750,0.6,0.9,.667,0.7,2.1,2.9,1.1,0.4,0.0,0.6,0.7,1.9,,plumlma01
371,Brandin Podziemski,22,GSW,SG,54,19,26.7,4.2,9.4,.449,1.7,4.5,.372,2.6,5.0,.519,.537,1.8,2.4,.758,0.7,3.9,4.6,3.6,1.1,0.2,1.5,1.8,11.9,,podzibr01
372,Jakob Poeltl,30,TOR,C,21,21,25.3,4.2,6.0,.693,0.0,0.0,,4.2,6.0,.693,.693,1.3,2.2,.596,2.7,5.0,7.7,2.1,0.8,0.5,1.6,3.1,9.7,,poeltja01
373,Jordan Poole,26,NOP,PG,28,6,25.4,4.5,12.1,.370,2.5,7.5,.336,1.9,4.5,.425,.475,3.0,3.5,.876,0.2,1.6,1.8,3.1,0.7,0.3,1.9,2.4,14.5,,poolejo01
374,Craig Porter Jr.,25,CLE,PG,48,2,17.9,1.9,4.1,.465,0.5,1.4,.382,1.4,2.7,.508,.530,0.4,0.7,.545,1.3,2.1,3.4,3.1,1.0,0.6,0.9,1.2,4.8,,portecr01
375,Kevin Porter Jr.,25,MIL,PG,26,24,33.6,6.2,13.6,.453,1.5,4.6,.325,4.7,9.0,.519,.508,3.7,4.3,.865,0.8,4.3,5.1,7.5,2.2,0.4,3.2,2.3,17.5,,porteke02
376,Michael Porter Jr.,27,BRK,SF,41,41,33.0,8.8,18.6,.474,3.7,9.5,.385,5.2,9.1,.568,.573,3.7,4.3,.853,1.3,5.9,7.2,3.2,1.0,0.2,2.5,2.2,25.0,,portemi01
377,Bobby Portis,30,MIL,PF,49,9,24.4,5.4,11.1,.484,1.9,4.2,.456,3.4,6.9,.501,.571,0.7,0.9,.711,1.3,5.3,6.6,1.6,0.5,0.2,1.0,1.7,13.3,,portibo01
378,Kristaps Porziņģis,30,ATL,C,17,12,24.3,5.6,12.4,.457,1.8,5.1,.360,3.8,7.3,.524,.531,4.0,4.8,.840,1.2,3.9,5.1,2.7,0.5,1.3,0.9,3.2,17.1,,porzikr01
379,Quinten Post,25,GSW,PF,54,32,17.1,2.8,6.5,.435,1.5,4.2,.345,1.4,2.3,.602,.547,0.5,0.6,.833,0.9,2.9,3.8,1.4,0.4,0.5,0.7,1.9,7.6,,postqu01
380,Micah Potter,27,IND,C,20,2,17.6,2.1,4.7,.452,1.2,3.2,.381,0.9,1.5,.600,.581,1.5,1.6,.906,0.8,3.3,4.1,1.4,0.4,0.3,0.7,1.6,6.9,,pottemi01
381,Drake Powell,20,BRK,SG,41,9,19.1,2.2,5.0,.434,0.8,2.5,.298,1.4,2.5,.574,.510,1.1,1.2,.902,0.3,1.4,1.7,1.6,0.5,0.1,1.0,1.4,6.2,,poweldr01
382,Dwight Powell,34,DAL,C,38,7,14.1,0.9,1.5,.621,0.0,0.1,.000,0.9,1.5,.643,.621,1.1,1.6,.645,1.4,2.3,3.7,1.0,0.5,0.3,0.5,1.9,2.9,,poweldw01
383,Norman Powell,32,MIA,SG,45,45,30.6,7.7,16.2,.474,2.9,7.3,.396,4.8,8.9,.538,.563,4.8,5.6,.843,0.4,3.3,3.6,2.6,1.2,0.2,2.0,2.2,23.0,,powelno01
384,Taurean Prince,31,MIL,SF,8,0,21.1,2.1,4.8,.447,1.5,3.5,.429,0.6,1.3,.500,.605,0.4,0.4,1.000,0.0,1.6,1.6,1.0,0.8,0.3,0.6,2.5,6.1,,princta02
385,Payton Pritchard,28,BOS,PG,52,48,32.7,6.4,14.0,.459,2.6,7.2,.356,3.8,6.8,.568,.550,1.7,2.0,.863,0.9,3.3,4.2,5.3,0.8,0.1,1.1,1.4,17.1,,pritcpa01
386,Tyrese Proctor,21,CLE,PG,38,1,10.5,1.7,4.4,.389,0.9,2.7,.347,0.8,1.7,.455,.494,0.6,0.7,.852,0.2,0.9,1.1,1.4,0.4,0.0,0.6,1.1,4.9,,proctty01
387,Olivier-Maxence Prosper,23,MEM,PF,28,1,13.4,2.0,4.2,.470,0.8,1.9,.404,1.2,2.3,.523,.560,1.4,1.6,.870,0.9,1.9,2.8,0.7,0.3,0.1,0.7,0.8,6.1,,prospol01
388,Derik Queen,21,NOP,C,54,42,25.9,4.7,9.6,.491,0.3,1.0,.269,4.5,8.6,.516,.505,2.5,3.2,.777,1.6,5.6,7.3,4.2,1.1,0.9,2.4,2.8,12.2,,queende01
389,Neemias Queta,26,BOS,C,50,49,25.3,4.1,6.5,.635,0.0,0.1,.000,4.1,6.4,.645,.635,1.5,2.2,.670,3.0,5.3,8.3,1.5,0.9,1.3,1.1,2.9,9.8,,quetane01
390,Immanuel Quickley,26,TOR,PG,51,51,32.4,5.9,13.3,.445,2.6,7.0,.378,3.3,6.3,.519,.544,2.5,3.1,.805,0.6,3.8,4.4,6.1,1.3,0.1,1.6,2.1,17.0,,quickim01
391,Julius Randle,31,MIN,PF,55,55,33.6,7.7,15.8,.489,1.5,4.7,.322,6.2,11.0,.561,.537,5.1,6.2,.820,1.7,5.3,7.0,5.5,1.1,0.3,2.6,2.8,22.0,,randlju01
392,Maxime Raynaud,22,SAC,C,47,29,23.4,4.2,7.6,.555,0.2,0.9,.275,4.0,6.7,.590,.570,1.3,1.7,.750,1.7,4.9,6.7,1.0,0.5,0.5,1.0,2.4,9.9,,raynama01
393,Duop Reath,29,POR,C,32,0,8.1,1.0,2.3,.446,0.7,1.7,.418,0.3,0.6,.526,.601,0.2,0.2,.833,0.3,0.9,1.2,0.3,0.2,0.3,0.2,0.9,2.9,,reathdu01
394,Austin Reaves,27,LAL,SG,27,22,33.7,8.0,15.7,.508,2.6,7.0,.363,5.4,8.6,.627,.590,7.2,8.3,.871,0.7,4.4,5.1,6.0,1.0,0.2,3.4,2.2,25.7,,reaveau01
395,Paul Reed,26,DET,C,37,6,12.2,2.5,4.2,.591,0.2,0.6,.375,2.2,3.5,.631,.620,0.7,1.2,.600,1.8,2.4,4.2,1.2,0.9,0.6,0.9,1.6,5.9,,reedpa01
396,Antonio Reeves,25,CHO,SG,7,0,8.0,1.1,2.3,.500,0.7,1.4,.500,0.4,0.9,.500,.656,0.0,0.0,,0.1,0.6,0.7,0.3,0.1,0.0,0.0,0.4,3.0,,reevean01
397,Naz Reid,26,MIN,C,55,2,26.3,5.3,11.4,.469,2.4,6.3,.384,2.9,5.1,.573,.575,1.1,1.5,.744,1.2,5.2,6.4,2.5,1.0,0.9,1.6,2.5,14.2,,reidna01
398,Will Richard,23,GSW,SG,49,15,19.1,2.4,5.0,.470,1.1,3.1,.351,1.3,1.9,.667,.579,0.8,0.9,.822,1.0,1.5,2.5,1.4,1.2,0.1,0.8,1.8,6.6,,richawi02
399,Nick Richards,28,2TM,C,30,2,10.0,1.5,2.9,.512,0.0,0.1,.500,1.4,2.8,.512,.517,0.9,1.3,.692,1.3,2.1,3.5,0.3,0.2,0.6,1.0,1.5,3.9,,richani01
400,Jase Richardson,20,ORL,SG,38,0,12.2,1.9,4.1,.468,0.6,1.7,.364,1.3,2.3,.545,.545,0.7,1.0,.730,0.5,0.9,1.4,1.2,0.3,0.1,0.6,1.1,5.1,,richaja02
401,Will Riley,19,WAS,SF,44,2,16.3,2.5,6.0,.427,0.8,2.4,.340,1.7,3.5,.487,.496,1.1,1.5,.766,0.8,1.4,2.2,1.4,0.6,0.1,0.9,0.9,7.0,,rileywi01
402,Zaccharie Risacher,20,ATL,SF,41,41,24.3,4.1,9.2,.451,1.5,4.4,.352,2.6,4.8,.540,.534,0.9,1.4,.625,0.9,2.6,3.5,1.3,0.9,0.5,1.0,2.1,10.7,,risacza01
403,Duncan Robinson,31,DET,SF,50,50,28.2,4.1,9.4,.440,2.9,7.3,.401,1.2,2.1,.583,.597,1.0,1.4,.739,0.4,2.3,2.7,1.9,0.6,0.3,0.7,2.1,12.2,,robindu01
404,Mitchell Robinson,27,NYK,C,38,14,19.8,2.1,3.1,.690,0.0,0.0,,2.1,3.1,.690,.690,0.6,1.7,.381,4.6,4.4,8.9,1.0,0.8,1.1,0.6,2.4,4.8,,robinmi01
405,Orlando Robinson,25,ORL,C,4,1,6.3,0.8,1.3,.600,0.3,0.5,.500,0.5,0.8,.667,.700,0.0,0.0,,0.5,0.5,1.0,0.8,0.3,0.0,0.0,0.8,1.8,,robinor01
406,Jeremiah Robinson-Earl,25,2TM,PF,22,3,16.4,1.7,4.5,.370,0.5,1.9,.244,1.2,2.7,.458,.420,0.8,0.8,.944,1.6,3.0,4.7,0.7,0.4,0.0,0.5,1.2,4.6,,robinje02
407,Ryan Rollins,23,MIL,PG,51,46,32.0,6.5,14.0,.463,2.4,5.9,.407,4.1,8.1,.505,.549,1.5,2.0,.757,0.8,3.8,4.6,5.5,1.5,0.4,2.4,2.7,16.9,,rolliry01
408,Rayan Rupert,21,POR,SG,46,0,12.0,1.1,3.0,.364,0.5,1.5,.319,0.6,1.5,.408,.443,0.2,0.3,.643,0.5,1.3,1.8,0.7,0.6,0.0,0.5,1.3,2.9,,ruperra01
409,D'Angelo Russell,29,DAL,PG,26,3,19.0,3.6,8.9,.405,1.3,4.3,.295,2.3,4.6,.508,.476,1.7,2.3,.717,0.3,2.0,2.3,4.0,0.5,0.1,1.9,1.2,10.2,,russeda01
410,Domantas Sabonis,29,SAC,C,19,15,29.7,6.3,11.6,.543,0.3,1.4,.185,6.1,10.2,.593,.554,2.9,4.1,.727,3.4,8.0,11.4,4.1,0.9,0.2,2.7,3.5,15.8,,sabondo01
411,Tidjane Salaün,20,CHO,PF,31,0,16.0,2.4,4.5,.518,1.0,2.3,.443,1.4,2.3,.592,.628,0.7,1.0,.700,0.8,3.6,4.4,0.8,0.4,0.2,0.8,1.5,6.4,,salauti01
412,Hunter Sallis,22,PHI,SG,7,0,3.7,0.4,0.7,.600,0.0,0.0,,0.4,0.7,.600,.600,0.1,0.3,.500,0.0,0.1,0.1,0.6,0.0,0.1,0.7,0.3,1.0,,sallihu01
413,Kobe Sanders,23,LAC,SG,44,11,21.5,2.6,5.8,.451,1.1,2.8,.385,1.5,3.0,.511,.543,0.8,1.0,.804,0.5,2.1,2.6,1.7,0.6,0.1,1.4,2.2,7.1,,sandeko01
414,Gui Santos,23,GSW,PF,43,8,14.3,2.1,4.0,.529,0.9,2.3,.381,1.3,1.7,.720,.637,0.6,0.9,.632,0.8,2.1,2.9,1.4,0.6,0.3,0.9,1.5,5.7,,santogu01
415,Ben Saraf,19,BRK,SG,21,5,17.4,1.6,5.1,.318,0.6,2.2,.255,1.0,2.9,.367,.374,1.0,1.3,.741,0.3,1.2,1.5,2.8,0.8,0.2,1.9,1.2,4.8,,sarafbe01
416,Dario Šarić,31,SAC,C,5,0,8.2,0.2,1.2,.167,0.2,0.6,.333,0.0,0.6,.000,.250,0.4,0.4,1.000,0.2,1.0,1.2,0.4,0.0,0.0,0.4,0.6,1.0,,saricda01
417,Alex Sarr,20,WAS,C,41,41,28.2,7.0,14.0,.496,1.0,2.9,.336,6.0,11.1,.537,.530,2.3,3.3,.691,2.3,5.4,7.8,2.8,0.8,2.0,1.7,2.1,17.2,,sarral01
418,Marcus Sasser,25,DET,PG,16,0,10.2,1.9,4.3,.456,1.1,2.8,.409,0.8,1.5,.542,.588,0.6,0.7,.909,0.1,0.9,0.9,2.0,0.7,0.1,0.7,0.9,5.6,,sassema01
419,Baylor Scheierman,25,BOS,SG,48,7,14.2,1.3,2.9,.443,0.9,2.2,.394,0.4,0.8,.583,.589,0.3,0.3,.857,0.5,2.3,2.8,1.0,0.6,0.1,0.4,1.4,3.7,,scheiba01
420,Dennis Schröder,32,2TM,PG,43,14,26.0,4.2,10.5,.403,1.3,4.2,.324,2.9,6.3,.454,.467,2.6,3.2,.816,0.5,2.5,3.0,5.2,0.9,0.1,1.9,1.6,12.4,,schrode01
421,Mark Sears,23,MIL,PG,7,0,3.7,0.9,1.9,.462,0.6,1.1,.500,0.3,0.7,.400,.615,0.9,1.1,.750,0.1,0.1,0.3,0.3,0.0,0.0,0.6,0.6,3.1,,searsma01
422,Alperen Şengün,23,HOU,C,44,44,34.0,8.0,16.2,.496,0.6,1.9,.298,7.5,14.3,.522,.513,4.1,5.9,.693,3.2,6.3,9.4,6.3,1.4,1.0,3.2,3.2,20.8,,sengual01
423,Brice Sensabaugh,22,UTA,SF,51,9,21.6,4.2,9.4,.448,1.7,5.1,.338,2.5,4.3,.577,.540,2.0,2.3,.855,0.7,2.2,2.9,1.6,0.7,0.1,1.2,1.8,12.1,,sensabr01
424,Collin Sexton,27,2TM,SG,44,12,22.7,4.9,10.1,.482,1.3,3.5,.383,3.5,6.6,.534,.548,3.3,3.8,.873,0.5,1.5,2.0,3.7,0.8,0.2,2.2,1.9,14.4,,sextoco01
425,Landry Shamet,28,NYK,SG,28,7,21.3,3.0,6.8,.440,2.1,5.0,.429,0.9,1.8,.471,.597,1.2,1.6,.750,0.5,1.4,1.9,1.4,0.5,0.2,0.4,1.4,9.3,,shamela01
426,Terrence Shannon Jr.,25,MIN,SG,22,0,12.8,1.5,3.7,.395,0.7,1.7,.405,0.8,2.0,.386,.488,1.0,1.2,.778,0.3,1.0,1.3,0.6,0.3,0.0,0.7,1.3,4.5,,shannte01
427,Day'Ron Sharpe,24,BRK,C,50,3,18.3,3.2,5.3,.606,0.1,0.6,.219,3.1,4.6,.659,.619,1.8,2.6,.677,2.7,3.9,6.6,2.2,1.1,0.4,1.6,2.3,8.3,,sharpda01
428,Shaedon Sharpe,22,POR,SG,48,42,30.0,8.0,17.6,.456,2.1,6.2,.340,5.9,11.5,.518,.515,3.2,4.0,.784,1.0,3.4,4.4,2.6,1.4,0.1,3.0,2.0,21.4,,sharpsh01
429,Jamal Shead,23,TOR,PG,54,7,22.2,2.4,6.4,.368,1.1,3.5,.326,1.2,2.9,.418,.457,1.1,1.5,.759,0.3,1.6,1.9,5.4,1.0,0.2,1.4,2.0,6.9,,sheadja01
430,Ben Sheppard,24,IND,SG,42,13,21.5,2.2,5.7,.390,1.2,3.6,.331,1.0,2.1,.489,.494,0.6,0.8,.771,0.6,2.5,3.1,1.8,0.5,0.1,0.6,1.8,6.3,,sheppbe01
431,Reed Sheppard,21,HOU,SG,51,6,24.6,4.6,11.0,.422,2.3,6.2,.378,2.3,4.8,.478,.528,0.9,1.1,.776,0.3,2.2,2.5,3.0,1.4,0.5,1.3,2.0,12.5,,sheppre01
432,Max Shulga,23,BOS,SG,1,0,2.0,0.0,1.0,.000,0.0,0.0,,0.0,1.0,.000,.000,0.0,0.0,,0.0,0.0,0.0,0.0,0.0,0.0,0.0,0.0,0.0,,shulgma01
433,Pascal Siakam,31,IND,PF,50,50,33.7,8.9,18.4,.482,1.8,4.8,.372,7.1,13.6,.521,.531,4.1,5.9,.686,1.6,5.2,6.7,3.9,1.1,0.5,2.2,2.5,23.6,,siakapa01
434,Anfernee Simons,26,2TM,SG,52,3,25.0,5.3,11.8,.444,2.7,6.9,.391,2.5,4.9,.520,.559,1.3,1.4,.893,0.6,1.9,2.4,2.5,0.5,0.2,1.2,1.7,14.5,,simonan01
435,KJ Simpson,23,CHO,PG,14,2,15.9,2.2,6.4,.348,0.9,2.8,.308,1.4,3.6,.380,.416,0.7,1.1,.625,0.4,1.7,2.1,2.5,1.1,0.0,1.7,1.0,6.0,,simpskj01
436,Jericho Sims,27,MIL,C,37,5,15.1,1.5,1.8,.806,0.0,0.0,,1.5,1.8,.806,.806,0.3,0.5,.556,1.3,2.8,4.1,0.8,0.2,0.2,0.9,1.7,3.2,,simsje01
437,Javon Small,23,MEM,PG,20,0,14.9,2.1,5.3,.390,0.9,2.5,.360,1.2,2.8,.418,.476,1.0,1.3,.800,0.7,1.5,2.2,3.2,0.4,0.2,1.1,1.3,6.0,,smallja01
438,Marcus Smart,31,LAL,SG,43,36,28.5,3.2,7.8,.407,1.6,4.7,.338,1.6,3.2,.507,.507,1.9,2.3,.828,0.7,2.3,3.0,2.8,1.3,0.3,1.7,2.6,9.9,,smartma01
439,Dru Smith,28,MIA,SG,54,1,17.2,2.1,5.0,.410,0.6,2.1,.307,1.4,2.9,.484,.474,1.4,1.6,.843,0.9,1.7,2.6,2.7,1.5,0.3,0.9,1.6,6.1,,smithdr01
440,Jabari Smith Jr.,22,HOU,PF,50,50,35.0,5.5,12.5,.437,2.2,6.2,.357,3.2,6.3,.516,.526,2.1,2.7,.766,1.6,5.3,6.9,1.9,0.8,1.0,1.3,2.6,15.2,,smithja05
441,Jalen Smith,25,CHI,C,43,12,20.2,3.7,7.6,.488,1.5,4.0,.379,2.2,3.6,.610,.588,1.2,1.7,.718,1.9,5.0,6.9,1.3,0.4,0.8,0.9,2.0,10.2,,smithja04
442,Nick Smith Jr.,21,LAL,SG,24,1,12.5,2.2,5.2,.424,1.1,2.8,.397,1.1,2.4,.456,.532,0.3,0.5,.636,0.1,0.7,0.8,1.1,0.3,0.1,0.8,1.0,5.8,,smithni01
443,Tolu Smith,25,DET,PF,5,0,11.0,1.4,3.0,.467,0.0,0.0,,1.4,3.0,.467,.467,2.4,3.0,.800,2.0,3.6,5.6,0.8,0.4,1.0,0.8,1.4,5.2,,smithto05
444,Jeremy Sochan,22,SAS,PF,28,0,12.8,1.7,3.5,.475,0.3,1.3,.257,1.4,2.3,.594,.520,0.4,0.6,.688,0.9,1.7,2.6,1.0,0.4,0.2,0.6,1.8,4.1,,sochaje01
445,Cam Spencer,25,MEM,SG,50,14,24.2,3.9,8.0,.484,2.2,4.9,.453,1.7,3.1,.532,.622,1.9,2.0,.931,0.5,2.2,2.7,5.6,0.7,0.1,1.5,1.5,11.8,,spencca01
446,Pat Spencer,29,GSW,PG,38,7,15.2,2.4,5.4,.440,0.8,2.0,.413,1.6,3.5,.455,.514,0.7,0.8,.781,0.7,1.5,2.3,3.1,0.7,0.1,1.1,1.1,6.3,,spencpa01
447,Isaiah Stevens,25,SAC,PG,2,0,11.5,0.0,1.0,.000,0.0,0.0,,0.0,1.0,.000,.000,2.0,2.0,1.000,0.5,0.5,1.0,3.0,1.5,0.0,0.0,0.5,2.0,,steveis01
448,Isaiah Stewart,24,DET,C,48,13,23.3,3.8,7.1,.540,0.7,2.2,.321,3.1,4.9,.639,.590,1.6,2.2,.760,1.6,3.5,5.1,1.1,0.3,1.7,1.2,3.0,10.0,,stewais01
449,Julian Strawther,23,DEN,SG,31,3,13.4,2.1,4.7,.445,0.7,2.1,.323,1.4,2.6,.543,.517,1.3,1.6,.784,0.2,1.9,2.1,0.9,0.4,0.1,0.6,1.1,6.2,,strawju01
450,Jalen Suggs,24,ORL,PG,32,32,26.4,5.0,11.1,.447,1.9,5.8,.323,3.1,5.3,.582,.531,2.2,2.6,.843,0.8,3.3,4.1,5.4,1.9,0.7,2.6,2.8,14.0,,suggsja01
451,Jae'Sean Tate,30,HOU,SF,31,0,8.2,1.1,2.3,.500,0.2,0.7,.318,0.9,1.5,.583,.550,0.1,0.2,.571,0.7,0.8,1.5,0.5,0.2,0.1,0.3,1.1,2.6,,tateja01
452,Jahmyl Telfort,24,LAC,PF,8,0,4.0,0.0,0.5,.000,0.0,0.5,.000,0.0,0.0,,.000,0.1,0.5,.250,0.0,0.4,0.4,0.1,0.1,0.0,0.1,0.6,0.1,,telfoja01
453,Garrett Temple,39,TOR,SG,13,0,2.8,0.1,0.5,.143,0.1,0.4,.200,0.0,0.2,.000,.214,0.1,0.2,.500,0.0,0.3,0.3,0.3,0.2,0.1,0.2,0.2,0.3,,templga01
454,Dalen Terry,23,CHI,SG,34,0,11.1,1.3,3.0,.441,0.6,1.4,.413,0.8,1.6,.464,.534,0.3,0.5,.529,0.6,1.3,1.9,1.3,0.6,0.3,0.6,1.0,3.5,,terryda01
455,Adou Thiero,21,LAL,SF,15,0,5.8,0.5,1.2,.389,0.0,0.1,.000,0.5,1.1,.412,.389,0.4,0.5,.750,0.5,0.7,1.2,0.3,0.3,0.1,0.3,1.0,1.3,,thierad01
456,Cam Thomas,24,2TM,SG,25,8,23.8,5.0,12.5,.396,1.5,4.7,.322,3.4,7.8,.441,.457,3.7,4.4,.845,0.4,1.4,1.8,3.0,0.2,0.1,2.0,1.2,15.2,,thomaca02
457,Amen Thompson,23,HOU,PG,50,50,37.2,6.8,13.6,.502,0.3,1.7,.200,6.5,11.9,.545,.515,3.8,4.8,.783,2.9,4.8,7.6,5.5,1.4,0.6,2.5,2.2,17.8,,thompam01
458,Ausar Thompson,23,DET,SF,48,47,25.8,4.3,8.3,.510,0.1,0.4,.300,4.1,7.9,.521,.518,1.7,3.0,.580,2.2,3.8,6.0,2.7,1.9,0.8,1.4,2.9,10.4,,thompau01
459,Ethan Thompson,26,IND,SG,21,5,15.5,1.6,4.2,.371,0.9,2.9,.300,0.7,1.4,.517,.472,0.5,0.8,.688,0.5,1.1,1.7,1.4,0.5,0.3,0.6,1.9,4.5,,thompet01
460,Klay Thompson,35,DAL,SF,48,8,22.1,4.1,10.6,.386,2.9,7.7,.376,1.2,2.9,.413,.523,0.6,0.8,.730,0.3,2.1,2.4,1.4,0.5,0.3,0.9,1.0,11.6,,thompkl01
461,Matisse Thybulle,28,POR,SG,4,0,12.3,1.5,2.5,.600,1.0,1.5,.667,0.5,1.0,.500,.800,1.0,1.0,1.000,0.0,1.0,1.0,0.8,2.5,0.0,0.3,1.8,5.0,,thybuma01
462,Xavier Tillman Sr.,27,BOS,C,14,1,7.9,1.0,2.2,.452,0.2,1.1,.200,0.8,1.1,.688,.500,0.0,0.0,,0.7,1.1,1.8,0.4,0.4,0.1,0.4,0.6,2.2,,tillmxa01
463,Drew Timme,25,LAL,PF,16,0,8.0,1.3,2.4,.553,0.3,0.9,.357,1.0,1.5,.667,.618,0.1,0.2,.667,0.5,0.8,1.3,0.9,0.3,0.0,0.3,0.6,3.1,,timmedr01
464,Nae'Qwan Tomlin,25,CLE,PF,43,2,17.1,2.6,5.3,.487,0.4,2.0,.224,2.2,3.4,.641,.528,0.9,1.2,.745,1.3,1.7,3.1,1.0,0.7,0.7,0.4,2.1,6.5,,tomlina01
465,Jacob Toppin,25,ATL,SF,5,0,3.4,0.8,1.2,.667,0.0,0.0,,0.8,1.2,.667,.667,0.0,0.0,,0.0,0.2,0.2,0.2,0.0,0.2,0.0,0.2,1.6,,toppija01
466,Obi Toppin,27,IND,PF,3,0,27.3,5.0,12.0,.417,1.0,5.7,.176,4.0,6.3,.632,.458,3.0,3.0,1.000,1.0,5.7,6.7,1.7,1.0,0.0,2.0,2.3,14.0,,toppiob01
467,Karl-Anthony Towns,30,NYK,C,49,49,31.4,6.5,14.0,.463,1.6,4.5,.353,4.9,9.4,.516,.520,5.2,6.1,.853,3.0,8.9,11.9,2.9,0.9,0.6,2.5,3.5,19.7,,townska01
468,Nolan Traoré,19,BRK,PG,30,7,20.6,2.5,6.5,.388,0.9,2.9,.326,1.6,3.7,.436,.459,1.0,1.3,.795,0.2,1.3,1.6,3.4,0.4,0.4,1.5,1.9,7.0,,traorno01
469,Luke Travers,24,CLE,SG,12,0,8.6,0.8,3.0,.250,0.1,1.3,.063,0.7,1.7,.400,.264,0.8,0.8,1.000,0.8,1.3,2.0,0.8,0.6,0.3,0.3,0.5,2.3,,travelu01
470,Gary Trent Jr.,27,MIL,SG,46,17,24.0,2.9,7.5,.388,2.0,5.5,.365,0.9,2.0,.451,.522,0.7,0.9,.780,0.1,1.0,1.1,1.5,0.6,0.1,0.6,1.4,8.5,,trentga02
471,Oscar Tshiebwe,26,UTA,C,2,0,12.5,1.5,3.0,.500,0.0,0.0,,1.5,3.0,.500,.500,0.0,0.5,.000,2.0,2.0,4.0,1.0,0.5,0.0,0.5,1.5,3.0,,tshieos01
472,Myles Turner,29,MIL,C,49,49,28.5,4.3,9.8,.441,2.2,5.7,.386,2.1,4.1,.515,.552,2.1,2.8,.756,1.3,4.4,5.7,1.6,0.7,1.7,1.2,2.7,12.9,,turnemy01
473,Hunter Tyson,25,DEN,PF,21,2,7.7,0.7,2.5,.269,0.3,1.6,.212,0.3,0.9,.368,.337,0.5,0.6,.846,0.2,1.5,1.7,0.8,0.1,0.0,0.2,0.6,2.2,,tysonhu01
474,Jaylon Tyson,23,CLE,SG,49,34,27.9,5.3,10.3,.516,2.1,4.4,.477,3.2,5.9,.545,.619,1.2,1.6,.750,2.0,3.4,5.4,2.3,0.9,0.4,1.6,2.6,14.0,,tysonja01
475,Stanley Umude,26,SAS,SG,1,0,2.0,0.0,0.0,,0.0,0.0,,0.0,0.0,,,0.0,0.0,,0.0,0.0,0.0,0.0,0.0,0.0,0.0,1.0,0.0,,umudest01
476,Jonas Valančiūnas,33,DEN,C,42,4,14.6,3.7,6.4,.577,0.1,0.4,.278,3.5,5.9,.598,.586,1.7,2.2,.761,1.6,3.6,5.2,1.3,0.2,0.7,1.2,2.3,9.1,,valanjo01
477,Jarred Vanderbilt,26,LAL,PF,43,3,19.4,1.9,4.1,.472,0.5,1.7,.293,1.4,2.3,.604,.534,0.7,1.0,.644,1.5,3.5,5.0,1.3,1.0,0.4,1.0,1.9,5.0,,vandeja01
478,Devin Vassell,25,SAS,SG,39,37,31.1,5.2,12.2,.421,2.4,6.8,.356,2.7,5.5,.502,.520,1.7,2.0,.844,0.5,3.4,3.9,2.4,0.8,0.4,0.9,1.8,14.4,,vassede01
479,Gabe Vincent,29,2TM,PG,30,7,19.3,1.5,4.5,.338,1.3,3.6,.355,0.3,1.0,.276,.478,0.3,0.4,.909,0.3,0.7,0.9,1.4,0.6,0.0,0.4,1.8,4.7,,vincega01
480,Nikola Vučević,35,2TM,C,50,48,30.6,6.8,13.6,.502,1.7,4.5,.369,5.2,9.1,.568,.563,1.3,1.6,.833,2.1,6.8,9.0,3.7,0.7,0.6,1.5,2.0,16.6,,vucevni01
481,Tristan Vukcevic,22,WAS,C,33,3,11.9,2.6,5.6,.467,0.6,2.2,.274,2.0,3.4,.595,.522,1.7,2.2,.770,0.6,1.8,2.5,1.1,0.3,0.7,1.2,1.3,7.5,,vukcetr01
482,Dean Wade,29,CLE,PF,43,22,22.8,2.0,4.7,.417,1.2,3.5,.340,0.8,1.3,.630,.542,0.6,0.8,.750,0.8,3.3,4.1,1.6,0.8,0.4,0.3,1.6,5.8,,wadede01
483,Franz Wagner,24,ORL,SF,27,26,32.2,7.6,15.6,.485,1.5,4.1,.373,6.0,11.5,.524,.533,5.3,6.4,.826,1.5,4.4,6.0,3.6,1.0,0.3,1.8,2.3,21.9,,wagnefr01
484,Moritz Wagner,28,ORL,C,12,0,11.5,3.1,6.3,.493,1.3,2.7,.469,1.8,3.6,.512,.593,1.6,1.8,.864,0.6,2.5,3.1,0.3,0.5,0.0,0.7,1.6,9.0,,wagnemo01
485,Jabari Walker,23,PHI,PF,45,6,12.1,1.3,3.2,.403,0.4,1.4,.270,0.9,1.8,.506,.462,0.7,1.0,.727,1.1,1.9,3.1,0.5,0.4,0.2,0.4,1.6,3.7,,walkeja01
486,Jarace Walker,22,IND,PF,53,18,23.9,3.5,8.8,.400,1.6,4.3,.365,1.9,4.4,.434,.490,1.7,2.1,.788,0.5,4.0,4.5,2.0,0.8,0.3,1.6,1.7,10.3,,walkeja02
487,Cason Wallace,22,OKC,SG,51,41,26.7,3.1,7.3,.432,1.4,3.9,.357,1.7,3.4,.520,.528,0.6,0.8,.750,0.8,2.2,3.1,2.2,2.1,0.3,0.9,2.0,8.3,,wallaca01
488,Keaton Wallace,26,ATL,PG,40,2,11.2,1.4,3.4,.419,0.9,2.1,.405,0.6,1.3,.442,.544,0.2,0.3,.545,0.1,1.1,1.2,2.0,0.5,0.1,0.6,1.0,3.9,,wallake01
489,Jordan Walsh,21,BOS,PF,47,20,18.2,2.0,4.0,.508,0.7,1.7,.378,1.4,2.2,.610,.591,0.7,0.9,.773,1.4,2.9,4.3,0.8,0.8,0.4,0.5,2.2,5.4,,walshjo01
490,Ja'Kobe Walter,21,TOR,SG,44,10,18.4,2.2,5.1,.430,1.1,3.2,.350,1.1,1.9,.566,.540,0.8,1.0,.800,0.7,1.5,2.2,1.0,0.9,0.2,0.5,2.0,6.3,,walteja01
491,Kel'el Ware,21,MIA,C,51,28,22.3,4.5,8.4,.534,1.1,2.9,.397,3.4,5.5,.604,.601,1.1,1.4,.781,2.9,6.3,9.2,0.6,0.8,1.0,0.9,1.6,11.2,,wareke01
492,P.J. Washington,27,DAL,PF,37,34,30.7,5.4,12.1,.446,1.2,4.0,.304,4.2,8.1,.517,.497,2.1,3.1,.664,1.4,5.7,7.1,1.9,1.0,1.4,2.1,2.3,14.1,,washipj01
493,TyTy Washington Jr.,24,LAC,PG,4,0,8.5,1.5,2.5,.600,0.5,1.3,.400,1.0,1.3,.800,.700,0.0,0.0,,0.0,0.3,0.3,2.0,1.0,0.5,0.3,0.0,3.5,,washity02
494,Lindy Waters III,28,SAS,SG,28,0,6.8,0.7,1.9,.352,0.5,1.7,.319,0.1,0.3,.571,.491,0.0,0.0,1.000,0.1,0.7,0.8,0.4,0.1,0.0,0.1,0.6,1.9,,waterli01
495,Trendon Watford,25,PHI,PF,31,5,16.3,2.5,4.7,.524,0.3,0.9,.370,2.1,3.8,.559,.559,1.0,1.4,.721,0.8,2.6,3.4,2.6,0.3,0.3,1.1,2.0,6.2,,watfotr01
496,Jamir Watkins,24,WAS,SG,26,3,17.8,1.6,4.0,.394,0.5,2.2,.232,1.1,1.8,.583,.457,0.9,1.2,.742,0.9,2.7,3.6,0.8,0.8,0.5,0.6,2.4,4.5,,watkija01
497,Peyton Watson,23,DEN,SF,49,39,30.7,5.4,10.9,.496,1.5,3.7,.417,3.9,7.2,.537,.567,2.6,3.6,.727,0.9,4.0,4.9,2.0,1.0,1.2,1.8,2.5,14.9,,watsope01
498,Jaylen Wells,22,MEM,SG,51,51,26.9,4.1,10.1,.409,1.7,5.2,.335,2.4,4.9,.488,.495,2.0,2.6,.763,1.0,2.5,3.5,1.7,0.8,0.1,1.1,2.1,12.0,,wellsja01
499,Victor Wembanyama,22,SAS,C,38,29,29.0,8.2,16.2,.507,1.8,4.9,.360,6.5,11.3,.571,.562,5.7,7.1,.810,2.0,9.1,11.1,2.7,0.9,2.7,2.6,2.7,23.9,,wembavi01
500,Blake Wesley,22,POR,SG,11,0,15.7,2.5,5.5,.450,0.6,1.7,.368,1.8,3.7,.488,.508,0.7,1.4,.533,0.5,1.5,1.9,3.0,1.1,0.1,1.3,1.5,6.3,,weslebl01
501,Russell Westbrook,37,SAC,SF,52,46,29.3,5.7,13.1,.430,2.1,6.0,.345,3.6,7.2,.501,.509,1.9,2.8,.697,1.4,4.3,5.7,6.6,1.3,0.2,3.4,2.5,15.3,,westbru01
502,Coby White,25,CHI,SG,29,26,29.1,5.9,13.6,.438,2.5,7.2,.346,3.4,6.4,.541,.529,4.3,5.3,.805,0.2,3.5,3.7,4.7,0.7,0.1,3.0,2.4,18.6,,whiteco01
503,Derrick White,31,BOS,SG,51,51,34.3,6.0,15.4,.390,2.9,8.9,.324,3.1,6.5,.480,.483,2.5,2.7,.900,1.0,3.4,4.4,5.5,1.2,1.4,1.8,1.6,17.4,,whitede01
504,Cam Whitmore,21,WAS,SF,21,0,16.9,3.7,8.0,.456,0.8,2.7,.286,2.9,5.4,.540,.503,1.1,1.5,.742,0.9,1.9,2.8,0.7,0.7,0.4,0.9,1.2,9.2,,whitmca01
505,Aaron Wiggins,27,OKC,SG,39,15,23.8,3.9,8.8,.445,1.9,4.8,.392,2.0,4.0,.510,.552,0.9,1.3,.735,0.6,2.9,3.5,1.8,0.9,0.6,1.3,1.5,10.7,,wiggiaa01
506,Andrew Wiggins,30,MIA,SF,50,50,31.3,6.1,13.0,.471,2.0,5.0,.395,4.1,8.0,.518,.546,1.8,2.3,.767,1.8,3.2,5.0,2.8,1.2,1.0,1.7,2.2,15.9,,wiggian01
507,Amari Williams,24,BOS,PF,14,2,8.0,0.5,1.1,.438,0.0,0.0,,0.5,1.1,.438,.438,0.6,0.9,.667,0.5,1.6,2.1,0.4,0.1,0.6,0.4,1.1,1.6,,william01
508,Brandon Williams,26,DAL,PG,44,11,21.9,4.5,9.7,.468,0.5,2.4,.224,4.0,7.2,.550,.496,3.1,4.0,.784,0.5,2.3,2.9,3.6,1.0,0.2,1.9,1.7,12.7,,willibr03
509,Cody Williams,21,UTA,SG,40,15,19.3,2.5,5.1,.478,0.4,1.6,.234,2.1,3.5,.589,.515,0.5,0.8,.613,0.8,1.4,2.3,0.9,0.6,0.4,0.6,1.8,5.8,,willico04
510,Grant Williams,27,CHO,PF,13,0,18.0,2.0,5.1,.394,1.1,3.5,.304,0.9,1.5,.600,.500,1.3,1.5,.850,1.0,2.7,3.7,1.3,0.5,0.2,0.6,1.4,6.4,,willigr01
511,Jalen Williams,24,OKC,SG,25,25,29.4,6.6,14.1,.465,0.7,2.5,.290,5.8,11.6,.502,.490,3.2,3.9,.835,0.6,4.0,4.7,5.4,1.3,0.4,2.0,2.1,17.1,,willija06
512,Jaylin Williams,23,OKC,PF,39,8,19.2,1.9,5.2,.368,1.2,3.8,.324,0.7,1.4,.482,.485,1.1,1.4,.768,0.6,4.4,4.9,2.5,0.6,0.6,1.1,2.0,6.2,,willija07
513,Kenrich Williams,31,OKC,PF,34,1,15.8,2.6,5.1,.509,0.9,2.4,.383,1.7,2.7,.620,.598,0.6,0.9,.625,0.9,2.4,3.3,1.6,0.6,0.1,0.8,1.1,6.7,,willike04
514,Mark Williams,24,PHO,C,48,44,24.2,4.9,7.4,.660,0.0,0.0,1.000,4.9,7.4,.659,.662,2.4,3.1,.773,3.1,5.1,8.2,1.1,1.0,1.0,1.1,2.4,12.2,,willima07
515,Patrick Williams,24,CHI,PF,50,2,18.9,2.4,6.3,.382,1.3,3.4,.386,1.1,2.9,.377,.486,0.7,1.0,.688,0.7,2.2,2.9,1.2,0.6,0.3,0.9,1.3,6.8,,willipa01
516,Robert Williams,28,POR,C,37,1,16.4,2.9,3.8,.754,0.2,0.4,.438,2.7,3.4,.794,.778,0.5,0.7,.731,2.0,4.5,6.5,1.1,0.6,1.4,0.8,1.2,6.5,,williro04
517,Vince Williams Jr.,25,2TM,PG,36,12,21.1,2.6,7.5,.352,1.4,4.5,.307,1.3,3.0,.421,.444,1.0,1.3,.804,1.0,2.9,3.8,4.4,0.8,0.4,1.8,2.1,7.7,,willivi01
518,Ziaire Williams,24,BRK,SF,37,4,22.8,3.1,7.4,.411,1.6,5.1,.309,1.5,2.4,.632,.516,1.8,2.1,.859,0.5,2.0,2.5,0.8,1.2,0.5,1.0,2.1,9.5,,willizi02
519,Zion Williamson,25,NOP,PF,39,32,29.6,7.9,13.6,.582,0.0,0.1,.000,7.9,13.5,.586,.582,5.7,8.0,.712,2.2,3.9,6.2,3.5,1.0,0.6,2.3,2.4,21.5,,willizi01
520,Jalen Wilson,25,BRK,PF,34,0,14.6,1.7,4.6,.374,1.0,2.8,.354,0.7,1.7,.407,.484,1.0,1.4,.761,0.2,1.4,1.6,0.6,0.4,0.1,0.6,1.3,5.4,,wilsoja03
521,James Wiseman,24,IND,C,4,1,14.5,1.5,2.5,.600,0.0,0.0,,1.5,2.5,.600,.600,0.3,0.5,.500,1.3,0.8,2.0,0.8,0.0,0.3,1.3,2.5,3.3,,wisemja01
522,Danny Wolf,21,BRK,PF,38,8,20.1,3.0,7.4,.409,1.1,3.4,.328,1.9,3.9,.480,.486,1.1,1.4,.769,1.1,3.6,4.6,2.0,0.6,0.5,1.0,1.9,8.2,,wolfda01
523,Guerschon Yabusele,30,2TM,C,44,2,10.2,1.2,3.0,.396,0.6,2.0,.322,0.6,1.1,.532,.500,0.2,0.3,.667,0.6,1.7,2.3,0.5,0.2,0.2,0.4,1.0,3.2,,yabusgu01
524,Jahmir Young,25,MIA,PG,8,0,5.5,0.9,2.4,.368,0.3,0.9,.286,0.6,1.5,.417,.421,0.1,0.1,1.000,0.3,0.3,0.5,0.8,0.1,0.0,0.3,0.5,2.1,,youngja05
525,Trae Young,27,ATL,PG,10,10,28.0,5.6,13.5,.415,1.8,5.9,.305,3.8,7.6,.500,.481,6.3,7.3,.863,0.0,1.5,1.5,8.9,1.0,0.1,2.6,2.0,19.3,,youngtr01
526,Chris Youngblood,23,OKC,SG,32,0,5.4,0.6,1.9,.333,0.5,1.6,.314,0.1,0.3,.444,.467,0.3,0.3,.900,0.2,0.7,0.9,0.3,0.1,0.1,0.1,0.6,2.0,,youngch01
527,Ivica Zubac,28,LAC,C,43,42,30.9,6.1,10.0,.613,0.0,0.0,,6.1,10.0,.613,.613,2.2,3.1,.705,3.4,7.6,11.0,2.2,0.4,0.8,1.9,2.4,14.4,,zubaciv01
,League Average,,,,,,,,,.469,,,.359,,,.547,.543,,,.784,,,,,,,,,,,-9999